160560071
159595996
279433491
159718726
162320786
160886879
160176243
161334426
160601257
161755052
160353557
161919975
161324516
160979143
160829989
160964544
160858193
162048287
160478143
160925739
161907829
160826190
161831604
160729677
161984304
160488149
162280884
160181277
161780547
161422659
162194671
161284226
162147531
162313965
162671804
164404015
163556689
168247466
166750248
167250236
233290506
241708353
165513596
160458719
160241377
161529958
160499536
161561438
160624232
160705306
161164735
160612047
160500375
161555545
160433339
160745721
161481643
160590585
161589157
160395376
161388507
160456622
160359997
160623878
160638015
162114311
160321114
161917749
160479222
161394196
160519869
161542967
160538996
160722032
160886443
161133069
160362120
160507134
161762071
160561186
160489068
160593316
159908249
160770651
160372427
161550700
160649771
161169255
160688845
161813215
161548804
162094117
161910319
235196300
161424167
166940095
166966255
167768415
208802713
268333056
165705094
160743556
161853429
160791316
160447073
160518499
161389588
160361431
161680029
160385206
161093617
160495824
160556029
161712229
160352823
161443560
160514688
160480254
160246080
161273225
160575264
161393874
159763195
161841821
160566035
161444349
160552028
161340803
160691211
160677214
160586252
161055722
161528105
160351317
161644245
159723887
161353424
160546795
160348841
161381557
160587052
160747746
160572913
160567274
161449274
160860519
161695651
160270851
162369296
162842161
162218090
164203660
162342174
167719198
165801475
167911843
206166914
274305269
163662132
161210007
160966025
160893297
162665754
161525455
162096365
160849654
161634640
160800921
161858604
160764953
160920577
161175058
161739828
160828061
161764544
160774911
162131570
160794335
160886200
160917268
161602427
160509646
161330331
160036379
160262878
161510731
160703893
161966405
160787131
161900448
159832832
161829274
160521747
161935174
161457119
161575754
161966932
160905983
159873628
160832594
162029121
160834417
160634327
161131529
162449445
160826802
162566847
161400368
162638292
163406778
163640359
167078823
168065021
167423075
168659335
313485869
166848485
160550326
161472452
159763174
162321409
160368170
161756069
160420028
160416832
161774824
159778561
162061195
160381634
161465036
160798092
161035111
160643408
161447501
160628319
161629897
160571022
161536359
160779205
160942895
160697809
161747068
160373146
161585882
159875902
160996585
161529986
160391038
161377366
160504833
161544021
159303868
161558479
160470347
161590689
160645067
160233408
160703597
160438295
162006846
161069922
161692811
160967998
160734124
161602659
161961469
161696266
164227732
162079010
166824739
167230938
167952264
166611525
294787191
185353170
160473699
160119928
161881786
160292054
161793658
159399993
161474302
160363609
160436407
161506464
160584888
162445330
159625279
160651923
161486634
160393985
161456437
159707946
162024551
160640070
160378775
161594738
160283955
161491090
160708248
162398840
160386318
160515853
161170052
160443967
161070984
160664334
161262797
160720118
161453258
160239258
160475755
160247814
160334919
161728498
160445167
161483794
159553969
162623962
160881292
160727872
161713818
161261551
162740592
160932086
164032839
162729511
165923851
167495948
166189222
167874395
262338783
218254921
160749741
161094041
161317975
161621550
160675137
161839163
160573986
160950268
161007356
162270167
160753876
160919128
161291063
160545260
161535885
160326474
161554271
161171746
160819268
161745392
159967434
161856812
160631802
161612259
160488280
161223963
160884850
162044987
160949833
160770924
161750109
160855584
160660344
161673403
160968607
161721073
160970221
161750428
160901610
160798725
160684909
160911248
160257810
160870050
160998212
161916971
161076069
162211980
162387802
162958704
163048093
164055199
164511755
167283714
167050522
168149152
210223035
263287731
162484685
160235514
160515816
161485511
160924658
160460910
160617015
161599436
160608730
161287064
160064118
160731451
161831334
160594342
160676406
160198962
161288326
160687316
161605515
159583366
161391269
160736089
161881268
159856401
161681567
160666586
161699273
160229648
161254599
160605079
160448612
160693035
160642188
161509290
160425778
160929032
160904023
161785462
160536227
161489172
160597853
160969035
161585372
160634361
161058645
160923299
161707413
160728149
162151274
161871804
163254042
163119336
164485193
167222757
167770664
166827388
166799465
312716892
164947948
160798949
160655849
160458384
161810946
160464015
161564881
160724026
160357723
160660546
160609619
161682662
160628535
160725288
160935075
161566350
160629967
161704773
160412555
161849918
160468581
160332022
160439255
160118057
161433768
160559232
161201556
160576423
160317814
161727644
160817000
161746549
160219837
161333486
159479766
161116585
160505840
161547962
159801103
161387758
161490292
160804964
161371957
161120312
160640211
161852907
160749388
161068542
162721482
161886000
162526813
162934554
163904692
166575309
168174808
167691803
168711634
312257891
166594995
160409431
161456114
161300949
161536405
161118623
162295131
160742021
161804942
161157036
161225314
161761950
160922430
160712393
160324107
161133200
159999331
161385677
160902412
162143272
161093564
161737453
160861523
161433045
159862651
161710822
160495119
160682695
161093461
161087109
162114605
160812730
161726791
160764518
162858943
160693403
161760372
160750120
160851391
161806801
161309499
161018628
160916985
160646713
162350850
161070736
162314701
161221801
161811758
161533561
162904949
163495166
163588002
165299142
331068232
221267385
208684979
279815755
210303342
160629527
160270217
161517869
160265888
160358392
161217701
160533774
160488308
161475337
160582056
161818406
160438764
161555177
160512944
160556416
160419537
159870346
160968135
161325481
161718075
161257012
160556835
161865924
160815965
160329254
160694015
160193246
161446891
160822257
159796123
160711056
161803394
160484497
161686072
160979613
161394109
160647213
160437026
161406992
160430494
161304307
159527652
161434123
159945895
162068223
160888719
161717430
161146466
162592365
161383686
162777755
164077167
164516188
166605182
166624048
168741077
243819294
236830741
160707815
160204891
161384295
160469743
160635617
161513870
160466878
160327533
160513876
161748022
160893365
161520653
160586422
161753732
160474069
160597864
161706883
160518022
161178362
159490366
160428903
160555733
161522734
160510548
161293339
160797980
160980186
160320166
161558400
160337169
161245206
159959642
161765601
160366011
161664340
161680270
161454613
160967500
160916393
159699077
161996478
160387441
160307089
160552293
160736360
161941934
160607926
161839850
161618651
163026416
161782640
164284549
163395254
166784822
167598162
167306390
193166796
287679759
162396662
160570013
160918092
161220383
161832433
160866073
162366944
160929783
161999930
160161117
161191397
161926570
160772815
161610452
160559271
162089006
159191009
161799478
161076078
162053469
160812549
160884585
161459984
161483088
160542758
160541024
161513465
160916055
160777551
160646573
161957856
160781618
161648410
160521556
161376995
160775857
161904143
160905572
160804912
162443614
160960185
160890924
160661759
161962182
161082195
161757274
160415794
162392355
161846342
163066732
162340377
164579236
163511384
166984880
167111150
168285963
167185080
311556892
165404787
160481035
160079613
161332126
160837028
160429737
160381314
160471966
161340410
160883055
161525321
160194240
161318308
161218368
160546485
161569543
160590309
161962327
160867473
160872072
160744861
161660044
160866952
161424968
159773942
160380139
161339386
160382463
160228372
160289427
160665088
159343716
161403565
160326135
161256608
160452676
160626334
160822905
161476633
160585285
161320237
160332637
160592699
160636411
161393774
162128947
160901533
162187728
161686088
161366953
161849717
164833627
163003302
166898347
167116500
167147407
166892755
260927661
219222827
160946867
160365415
160272829
160496652
161575636
160655114
161714059
160641717
160483507
161495774
161056993
161467080
160867173
161528506
160494017
161528235
160230407
161498418
160282145
161619196
160914111
160533640
160489316
161496604
160748978
319249929
211208274
164160736
159552532
161463399
160542105
161670881
160319693
161202635
160432255
161337490
160452706
160791856
160308511
160494743
160398481
161503895
160568583
161592782
160759183
161918428
161381702
161837003
161790586
161390358
163957769
163152213
164590035
166669261
167992668
167251073
212911153
264413814
163517353
160314389
161113542
160384040
160867555
161648304
160880760
161449036
161073044
162055033
160979186
161912512
161314270
161331994
160573096
160423093
161006105
161327735
160800346
160138223
162069969
160965408
161588006
160488644
161391214
160220857
160427609
160801867
160962551
161587885
159777127
161039506
160782150
161963736
160774293
160696376
160729258
161236719
161746965
160669646
161247037
161426427
160961818
161941803
160987306
162438343
161293454
162269192
161632265
163092952
163355850
164412399
164090239
167329882
167432716
168349102
168182406
312102346
165122131
160773147
159734721
161710632
160498387
160577537
160971572
161117138
160576374
161422085
160755342
161648134
160573407
161512034
160537208
161420231
160649000
160536949
160724843
160804003
160410057
160863926
161822332
161442701
162328588
160767613
160863434
161626699
160478485
161794076
160216789
161601250
160934528
160364529
160009997
161700618
160762421
161490069
160274998
161744691
160459437
161135919
160381679
161140516
160992395
159742919
161974544
160752641
162594789
161267004
162889726
163047896
163640117
166521332
168478708
166511061
168266575
283605507
196368578
160737361
161283584
160773127
161792117
160716079
161581538
160514528
160663077
160648811
160414628
161048448
161368844
160512163
160944430
161589551
160511430
161579041
160808742
161447101
160476594
159876386
162217589
160689667
160497071
160281524
161404189
