12605324395
1190740335
1022575662
926247569
884112420
2085163569
1449557345
1331780419
1296090118
1302916222
1273337201
1238015465
1203965025
1196380413
1161069533
1165365299
1149788260
1156276314
1144659209
1224162178
1396549374
1121464443
1097191682
1093887154
633643395
531477212
539931340
540416317
521798813
528675091
557744918
550073320
533236116
534506406
538321948
532216397
519150910
519681724
530023905
529418224
545644730
648587981
745365535
691225979
542805792
539787678
523148047
533054643
546964329
546615962
552456608
536633367
533053781
544257921
540659069
528313279
554751322
525330433
518675567
522972196
531760385
535005944
518675262
519662027
538935955
528591525
530028678
536956275
527722640
536196785
529634081
606378513
766748455
683277924
510725150
531457303
508546602
523174873
523241302
529619391
540917788
523168128
531074673
518798144
526708705
488180066
485144036
500098024
490143616
491898730
483992158
493373116
489940749
483599692
475145377
493552781
484971417
491259135
495129213
493536206
500017973
501205476
476265561
256301160
168010017
219482184
263608775
258772318
257102375
305057032
627946956
558423710
300674794
281066502
292622395
280311247
281539226
279525245
572117546
397403872
281127161
283324258
175712483
173847362
175371338
174373255
173290281
175262444
174670658
174015029
173278499
171744014
167968087
169262229
167506756
167298744
167537826
167974500
167429881
168223489
167226288
168707394
168742561
168100488
168226707
166735212
168428638
165905956
164710250
167801064
167777211
165985117
166634954
165110836
165452784
239246839
357086175
338968899
185801204
167710736
168518832
167910675
168892418
167989543
167977982
215273931
171261271
169871818
169214718
168459131
164257962
165620234
166477381
166121139
166042621
166725209
166937330
167012682
165696828
166882918
167181171
166355062
207894184
165471314
168349788
168899535
169519216
168706211
170169213
169518195
169296697
169168284
167130829
168073790
169276730
170041494
168122131
168130606
169404802
168888658
168358518
167576562
169014377
167640643
166920083
170416253
174595824
174887394
173026321
311993929
344922039
267088593
178565838
176210764
175765243
171216146
164413083
165075394
166964561
165546114
166236466
165081997
166624830
166479055
166218604
167013685
325780883
218560793
166232732
174181115
167085030
167371262
167180240
165451287
167105219
165472838
166871509
166479809
166165827
165616349
166341269
166804975
165520960
167451825
164580517
165812141
164512136
167431267
165724966
165562350
166091018
166631408
165896570
166369844
167634131
167097388
166744863
168280613
165806083
166850824
170065133
168876698
170429631
168802960
169429944
174355202
173060888
175444619
174290820
172925313
174960023
396448926
331574879
191732027
167085380
166297452
167589592
166542356
165826714
165380242
168428006
167121630
165968994
164944690
166380340
166251108
166470722
165473599
166246610
165639133
165505871
165571185
165798464
166355566
167853504
166363000
167988338
165170399
165985279
166399690
165284254
166004534
177174503
165812773
167033838
167535556
165177324
167012008
165868140
167908721
165407819
165997554
165916841
166451561
166257965
165626373
167349807
168227505
168517182
166208453
165598833
172196588
172916988
172418256
172368573
174711777
174139637
173409118
172194915
174878092
173294773
171993837
229593626
214465257
165580961
170989943
166380350
166850027
167643827
167184109
168519620
166161308
166566694
165337103
166687553
167302994
166653589
166164025
169318260
165605531
166758557
166891147
167033548
167991686
165841968
165504621
166524927
166464134
166244338
167107188
166078316
239545633
166790591
168306682
165177926
166591505
166464696
165839967
167125022
165948701
166847910
166560197
167247925
165562574
169885375
167120796
167458244
168156842
168125103
169398256
169111616
167959140
168559432
172418670
173989376
174140891
173433505
173477709
171499687
173493080
283159710
173955622
172996172
238930430
198128219
168383163
168821652
166144698
167241829
167748495
166848827
166302646
167000194
165231074
167206764
166481766
166051343
167134228
166718782
166007470
166451159
168283849
167641646
166530358
165222309
165824196
166454055
165176603
166075540
166445700
167631048
167118730
166809255
167333136
166755266
167049311
164790816
167972333
166640740
165255133
166961386
166027212
166921791
165249184
165902897
164529335
167306818
166025951
167091483
167543135
169289903
167779993
167633647
167876976
175780929
172663162
173993665
172317892
173434188
173078277
183461369
173676898
173540971
172745700
317596966
183879150
164891893
166105244
166673737
164695974
166734693
166734843
165484974
166429587
165131838
165819747
167253744
167111275
164083479
167598576
166988934
166382810
167677525
166564524
165521254
165237708
166499110
166015468
165548536
166318360
168218948
166003817
167853429
168161320
164996816
166230664
166201119
165976135
166943532
166590346
166821682
168174558
165096616
166460420
166544570
165248442
164946824
168522705
166143854
166255565
167753674
167366433
169423948
166696437
170382808
173215367
173142260
174134882
173252596
172524683
173083528
173425824
176920453
204556451
231532033
173983049
168501400
168886916
170687496
170163738
167889003
168906534
169193686
167659330
169251136
167400441
169828546
169881376
169534121
169655549
168871590
169922885
167409831
168326952
168478047
167244338
168713843
171134884
168449274
169505820
171608018
169270004
169389560
170526206
170643627
170906655
167730558
167827501
166716954
165773864
166607308
166251917
234709061
165381593
165356838
165370704
165588526
166631536
166443751
168215646
168568182
167081115
167814349
166478186
172875546
172679626
172891345
173044345
174253548
172689967
172330758
172650441
172492854
274595235
167416851
165620670
166413746
163862711
167310952
165435240
167917907
165790472
165032691
165177625
167321363
166637322
165071455
165033824
166262133
164370170
165759554
166817242
165795754
165729679
164871689
165793308
164959707
165534742
166409133
165519012
166484265
166040577
165166106
164328686
165770747
164957011
165196714
164514076
164775850
163798555
166249212
167161315
165744890
165702451
164803222
165298349
164999483
165129128
166434513
169745405
168670997
167264591
166064395
170257503
173076595
171455415
172335616
172306092
172617169
172588705
171654121
294581328
171360206
168133433
164719398
165223900
164298183
165729265
165543855
167543079
168069314
164423080
165650287
166048117
166705329
166260570
167008612
164010901
165284145
165302670
164921893
165812174
166304213
164647074
166959430
164745741
166957407
212171620
163844840
165407971
165032001
166356874
165186404
166325074
165735732
164687301
165947070
164358031
166794712
167167426
166165965
165662383
164570862
166401269
165962711
165698471
165102538
169513197
168629578
167831050
168707435
166583155
171432191
171877692
173018887
171345877
173658485
171921295
171911507
293998313
213008788
167175855
165176870
167958203
164477451
165252735
165503679
166614467
166042936
165238459
166264085
165573290
165198222
165915527
165334741
166883887
166032899
165891963
166593668
165959862
164714160
165926349
165546081
165973669
164827765
165562963
165456042
165078398
165255724
166483292
165667021
164273930
167169878
166430644
165678823
163925472
165690395
165330397
164175035
165624853
166010922
165155597
166141017
164322053
167492149
166038304
170406783
170471756
165907248
166804492
167177064
173023214
173000382
173135788
172348170
173225306
174246166
289490478
173552164
165100676
166068283
167032614
165612052
165473641
163481229
165092181
165338237
166132436
166459473
164805591
166741686
165006851
165146214
166464063
165982574
165906059
166621450
165487680
169806516
165739996
167564232
164113585
165294916
165665847
164558136
165757961
164377404
166138270
165470589
165421286
164014931
164966388
166781705
166055875
165627216
165675957
167466900
273125287
165058533
166517537
164245968
167432977
166359770
166054383
167536723
166368408
166841631
166544330
167139914
172389227
172008268
172352808
173523650
171825433
171423184
277684620
172779264
166316792
165605899
163711692
165831976
165209993
165586113
165432893
164355810
165362891
164923722
165820015
166016367
165399972
165927238
166092531
165241774
165602695
166322656
166077482
165392159
165702746
165200186
165839273
165566830
166749333
166561137
164101021
166962114
165433608
164721554
312445209
216186729
168459954
164742715
165714329
164306852
165960072
165512007
166187875
165603019
165017233
165011804
166116360
165975384
165755679
167446601
167495184
165993689
166500265
169082061
173239912
172944225
172958100
172381381
173845497
173164271
217092684
213941444
169153586
168155693
167386271
166347298
165453089
165662746
165633322
166654188
165803021
166234687
165203178
164060202
166919430
165016607
166236591
166028649
167281805
166111545
166844490
165979766
165651707
166377337
166234258
165427194
165070871
166110455
168406170
166198000
164572139
166764039
167240738
164735398
164897215
165451702
165812394
167194643
165860914
165015638
166118661
165610061
165769733
165606766
165555679
166540659
166460539
167782013
168189884
166221276
166867698
168377960
172597148
173374154
172626274
173023142
172566221
173985129
173635219
315675714
186106670
167014527
168253647
164342581
166241177
165741942
165010463
166434262
165960026
166025089
167215387
166199089
166050118
166126161
165755772
165313996
165761873
165851803
168201050
165261268
165618653
166274753
166572185
165228757
164605580
165872874
166888342
167663465
164715629
164307849
165264937
165623605
165843680
165506965
165050903
164951856
165157725
165411144
165002552
167207256
164755347
163432958
164633546
164844224
165127028
166671936
168676632
166354837
166594511
165705010
172675514
173048418
172588891
173659793
172785663
171235376
172004458
259121999
171994690
168445388
166255032
165970804
165613680
166646241
165709931
165292243
168298380
167432727
165868061
164499848
164753717
165586510
166130057
165116142
163988122
165520535
164173963
