165534402
163874628
270141844
165346789
164118789
164143025
164993872
165040350
165069676
164203340
165007468
165235680
164117869
164592685
164436471
166266748
164463542
165956341
165261649
164114062
165533292
164127417
165150890
165807340
165302025
165071090
165806419
166201235
168414474
165271599
166338975
169577000
171261811
171793817
171180589
172445608
171588851
172441380
254244057
233260209
167494919
165384423
167955600
165923121
165019945
164226057
165501525
164767950
165556719
164859092
165592518
164469187
165188656
165605873
165975741
165291369
165771246
165765815
164333972
166778077
164628709
165240974
164899931
164248081
165079971
165906642
165298194
163876498
166346664
164465391
167519899
164349802
164913096
163967281
165372734
163845200
165049966
165997545
165625813
166004448
166837772
165497021
166727403
164905634
165869995
166284879
248297636
165186234
168870192
167963659
172026682
173549510
171913169
172429735
172787090
171417894
252853300
235488576
166355174
168520532
165394730
163838490
165147592
166035290
164542270
165690178
165780738
164501062
164901248
164660022
168054985
166403314
165172421
165643449
166094042
163604139
165196527
165697423
164051865
164043439
164900649
164181821
165214402
164792063
163976984
167600268
164563893
164785411
165276880
163806402
166848679
164024574
164709699
165336624
164873829
163571500
165410913
165345090
164879369
165027349
164329241
163688511
167374553
167465654
167038849
165110567
166016869
167634585
173078596
171213444
172260091
171093708
171714571
170858895
259757949
228864374
167960342
168235591
164922624
164283477
164909139
163827115
164901925
164617989
164577733
164996814
163338012
163523201
165508892
164153533
164362678
165016612
164815603
164649209
163606871
164908799
164988830
164948374
164892529
163919591
164351739
163553170
165020361
163499809
165031401
165197926
164971179
163890388
164655271
164037235
164340898
163353473
165102968
163942386
163294562
165253171
166262749
165802769
164530667
164862835
166907998
166545342
166287025
165004172
166238304
168079400
171136254
171839943
171870230
171589801
174663276
171797563
247023067
241555270
167580299
167831033
164078505
164884026
165617883
164063828
165618725
165143357
164094867
165171800
163951997
165027608
164956174
164326896
167177050
164508168
164695863
165431292
165511603
163784733
164228992
165181500
164626052
165197902
164040536
165267814
164278285
164577019
166673990
165643103
164828724
163981125
166381548
163538949
166212358
164448928
166345260
164152919
164808567
164197734
165726542
164131179
164560960
165971325
167090217
167850574
167721640
166999887
165443768
168085017
172034767
174634587
171437348
172685626
171525465
172764375
235504011
253973703
166890732
166847160
167679502
163835322
163786069
165356906
164349373
164983080
164285633
164861952
164570682
163915072
165252249
164243834
165016945
165838867
166344983
164663518
165351207
164260567
164398908
165617630
163660734
164685961
165269022
164129730
165025723
163660454
164443533
163974387
164463311
165172039
165945790
165090274
163824735
165392585
164797973
164785099
163688508
164213390
164847076
163811301
165249326
164798655
165899074
167739981
167868614
164994766
165926635
168096264
171590614
170853392
171922932
170995660
171467832
171181090
229249967
254967579
171474315
164656158
165433185
163722023
165487608
164565647
164682719
165165590
165125785
164981333
164788819
163679394
164296780
163928785
164928834
164170682
165489643
163740470
165076463
164951607
165139012
165240402
164924117
163569678
164754666
163706866
166086401
164379477
164549749
164600666
164256746
164343349
164379278
166198693
163953724
165245103
164263168
164766359
164679465
164764947
164053433
166133642
164984271
163975316
168295335
167412006
166700152
166502790
165196683
168250300
172036150
171505549
171951272
170926506
171312845
170826979
204164824
287643365
169421634
163397726
165819240
165230428
164043596
165890876
165095634
165694795
164051903
165362277
164051852
164204070
164942375
163596512
165361036
164527802
164338314
164488858
166517691
166224939
163961753
165816627
164650815
168168549
166697280
164313418
164893214
164859189
164645535
165106357
164802472
163914575
164590371
164904735
165869358
167306362
165292108
164267912
164882945
164556708
166202118
163666939
165379543
164892383
165396265
166216735
167483617
166842578
166469232
167942335
171873510
173305964
173443976
173482629
172589192
171902165
190580784
303137117
169082599
166098933
165039773
164688209
164915228
163992967
165394744
164481809
165390216
164466140
165404132
165342836
165382401
164234494
165085560
164862630
164414703
165256774
165167426
164758474
164292012
163928847
168443804
165736280
165838444
164010822
165214215
164231278
164597631
165311940
164104630
164388256
164581790
163348883
165315446
165718489
164126351
165771929
164718079
165763605
164940048
163554471
165375180
164201164
164282406
166707006
165986064
166230396
166356795
167052880
170599629
172353532
171672346
171378170
174197325
173107065
173922336
316086316
169353366
168157437
165096697
164376176
165282117
164164535
164094954
164715236
164995025
164153074
165084835
163698445
166640633
165769147
164549404
165997950
163988534
164836887
165291055
165095495
163537303
164961543
164494330
163740527
165023910
163644696
165373742
165236212
165405341
165049469
163261473
164032549
164006830
164829033
165489611
163935405
164736709
165155330
164858379
164232417
165977714
164792625
165391357
164590784
163698899
168031414
165918513
166106387
165812532
167927727
173223240
170981937
172475177
171571230
170871257
172378385
172060985
482849956
261134462
169591982
166567419
163851430
164900631
164163358
164098225
165682409
164044685
165189527
164286943
165041678
164290129
165028274
164817245
164088658
165025128
164078710
165518729
164179741
165351043
164631754
164773624
165009989
164677261
165245725
164302964
165044435
164480510
165284659
165338440
165151848
165120970
163527801
164796126
165789051
165104319
164796126
165279801
164387485
166029677
164429664
165482985
165216611
164934538
166063160
167728727
166116061
166241287
166654709
171943598
171516872
172463030
171948688
174097518
172295724
172189403
316047623
170644867
168518900
165192738
164609667
164547398
164747147
164320300
163951393
165664179
165089303
164941044
165733531
165723442
164511541
165333706
165074606
164877373
164995436
163917811
164726028
163826158
166147313
165074076
163596825
165879176
164486866
165888574
165341350
163715270
164471708
164122989
164445319
164295345
165094285
163619009
164888726
164495995
163995109
166015435
163967267
165087993
164212990
163621183
165500292
164903115
167196286
165147777
167227555
165554966
165240762
171152339
172124164
171891536
171894511
171262448
171633498
171066308
311886072
171533370
167824965
163777159
165418430
164803528
164875775
164033053
165823224
164890924
163542196
165795332
164635009
164222772
164623168
168114833
163545203
166380908
163988329
164622387
165431806
165872388
165103426
164644509
165940307
164029477
164861409
163088350
164908047
166311699
163694666
164652826
164085934
165060666
164597781
164915933
164608662
165169943
163752976
165368318
163901146
165214808
164897959
164092838
164704234
165496150
166075695
167429431
166875486
165420727
164191456
171651527
173090095
170476107
172475704
172090968
170631371
172787543
315677272
171057657
168087265
163622442
165612461
165329937
165350677
166170805
164309691
163652269
166213707
166944617
164975919
165950720
163951514
166693073
165758948
165131192
166675019
165704286
164900998
163904106
165701149
165450597
164714607
165166761
163818043
165556908
165052666
165109012
166335770
163973557
164764551
164179226
164597245
165057555
165449786
165421943
166467349
165551418
165549004
165557320
165156522
165858529
164901220
163940195
166961392
166967925
166552120
165158448
166202479
172165814
173237959
173205087
173144934
172503822
171145086
171311701
317118293
168654352
164061245
166013153
167180638
163359150
165951176
165163699
164417869
165527296
164477181
165177083
165598390
163740450
166128662
165407399
164908337
165361953
165379027
165659717
165859643
165863451
164683471
165212933
164397472
164324404
163704503
165431245
163668537
164270572
164579256
327659963
218332004
165740811
165823126
163770899
163318255
166347328
163945159
165126079
165035559
165106874
165260764
164308175
164834720
164036302
167114506
166705965
166079120
166277906
165355003
173328615
172667677
171453022
171714176
171074238
171957666
171558502
314741183
168569998
166431056
166947512
164714675
164851112
166099571
165399869
164149248
165095995
163843259
163632862
164292688
163819104
163989515
164893353
165117937
164340118
165226963
164067855
164776673
164147374
164687254
166004633
165865410
163475586
165181489
165224410
163449707
164770732
164985759
163919183
165062855
163745196
164777635
164158356
164586785
164031537
164077945
164959781
165403739
164835185
164195007
165238378
165516794
164075961
166670853
164859853
167248205
164936477
164204705
172461271
171784223
171627106
172722496
172347948
171533399
171703983
317404792
171106734
163432698
163770105
165696805
164211739
164944734
166729445
164593932
165790542
165584452
164030718
165660647
164494133
165307761
164169220
165826170
163950867
165474035
165163248
164234434
166060783
164249292
166379425
165377523
165397130
165682380
165091764
164164542
165848884
165204617
164869614
164344322
165548818
163564248
165827484
165534671
164867570
165209937
163784966
164998208
164603453
164816445
165291071
165741402
164191715
167299986
166948352
167015829
166682640
165613862
172456368
172357621
171271369
172398448
173590600
171243727
172055140
299767564
187773864
167858332
163682654
164358211
163988853
164828830
164389500
165086486
165429926
165697571
165307143
164259484
165565762
164337912
164845372
165297335
164385724
166339294
163992781
165309128
164688907
165816828
164654952
166347480
164675741
164607042
165491894
164148847
163737650
165271418
165128558
164693596
