7014099023
1401649050
1148111012
1075702176
926572026
2051676795
1394900912
1279445211
1269893676
1260550896
1265679975
1223232423
1168414340
1159237603
1145031986
1127538456
1119982281
1122871479
1105759150
1159041682
1411786902
1115895751
1082456588
1084909542
1052347857
1074062924
1056563091
970306121
524367161
526959406
521098414
521169084
498209938
506384069
520322998
511948537
508880966
503571088
519205662
497962723
519652121
584068215
736323790
680139943
511553813
536428509
495361781
515907558
511626966
496406660
527802798
507932727
525346341
526606339
527204238
519428526
531303025
520547750
509699342
494506539
517583519
519041678
495718229
505124126
509262601
512614805
515343235
505468896
503890475
508300518
520565486
510778280
781306031
673503353
534744389
501614774
503955627
485973101
501368895
503760249
511844706
501461702
496723681
506232892
508593367
467889717
473036066
460903852
477183366
479355088
465787938
467120601
476971180
467027728
498664234
457178874
474122444
471509416
464429246
476938586
474941575
487480642
467044002
431355300
315912413
266807589
183268768
200314453
266239498
264148112
696796010
546903354
336412975
177192448
162894113
169677006
163493669
162985073
165938474
335856365
181567000
166285231
166364060
168074092
166651082
170535799
170651849
170742821
169639729
168774516
170833421
167240948
161052684
162708001
164693166
163935188
164650505
164818402
162326385
164688904
163429197
163750135
162711624
163422272
164113011
164001941
165263823
163422279
160504877
161299895
161707538
160920084
162154112
161477430
162491693
161540850
412222316
319382993
179446230
207816164
162954886
166056378
163205061
163551609
163180622
163951756
163934974
163587545
162945907
163768565
161711955
161139831
161016137
160790307
162403105
161528717
162645314
162554132
160969465
160312700
162364420
161600191
201064030
161096545
161299659
162986978
163544215
162306185
163214999
165704238
164376361
162329158
164599231
163898393
165667888
163387213
161849667
161996825
163641164
162892844
163026578
161415481
162685118
161201976
161761367
163984352
164252348
164438782
165866218
245476746
381322900
305074997
191599598
169117288
168484137
168589557
161857704
161672933
159991664
163004446
161261340
163008233
161111776
164075305
161664192
163923177
315737931
239354335
169695429
162468035
160082069
161500089
162317667
160223758
161509376
160107126
162544838
161095189
161216348
160941136
161088344
161380177
162908845
161038359
159965794
160451955
161435429
160159270
160889344
162564349
160479426
162438029
161611502
161581384
161126912
161856745
162437747
159902751
163063091
164577611
163294890
163204218
164413531
163329934
165299028
165680641
164264987
164213169
165126358
170980777
168858204
344496401
318594269
240277356
167257025
161407745
161363871
162590977
161574200
162838106
162624588
163226801
162652973
160683329
162526262
161423059
160813624
162055749
161296380
162152451
161748755
163963354
161159457
162187747
161055829
162282545
167563368
163720953
160976678
162605926
161346819
163785403
160269067
163599509
161099699
162835679
161561404
162416545
160698096
162765326
161676581
162212958
161683413
161678193
160865983
161630863
164029550
162152210
164160727
162540857
162361446
162974278
164119808
164361345
164664019
167856091
169346206
167330303
168545125
167548346
167839518
168129676
168993393
311847142
169651091
166186831
160955242
162532263
161072736
161598252
161826954
162344355
161580186
162613104
161959234
162078699
162560673
165520704
163113350
162261374
160761840
165591477
161723915
162036648
160787879
161005101
163027756
160824078
161397975
161337498
162950577
161655942
163759590
232849953
163361824
161987138
161371000
161512509
161056983
161746079
162049254
163342776
161113209
161868530
161164856
160648517
162080571
161630718
162677180
161842498
163340428
162374938
161211480
162783150
162180297
165052533
164516426
169419058
170592783
168781440
272944093
166913256
169783306
166202589
298198362
162143232
161125021
160899235
162694537
160904452
160845711
160866119
160976959
162301671
161056699
162465299
161333633
162670207
161340807
161645122
161203025
160192219
161396100
162267783
162023758
162399991
164423367
161795366
160580121
160477777
162242621
161433708
162246288
161193251
163723857
162222142
162214086
160448779
161878387
161261108
161306884
162469318
161351418
162446923
160741411
162438877
161106292
159832917
160912984
162434629
161563788
162589261
161521766
164264686
163390830
164235650
163709612
163882319
167719022
170299742
168837381
166717942
168108899
168892665
166466555
273724250
161654273
161388539
160591738
163898165
162532826
162994701
163084711
162727926
160909137
161298334
161258589
161512670
161139584
162040069
160868238
162280805
160975992
161921332
160392154
162798545
160495580
162853860
162797511
162193946
163468613
162100670
162574910
160861120
163346500
161958628
162662723
160800033
162307489
161499578
162277021
160995763
161284699
161101511
160782307
163296983
160666246
161656953
163068848
164301184
160763760
162166619
160754020
162067449
161485826
163167323
164190923
165187301
165299653
169548687
168882244
166819112
168456796
168372435
186034452
240473822
161543360
161692544
162360640
161876411
160698858
160594891
162878229
161360132
161666583
162564573
163842846
162887545
160429646
161115365
160170493
161726713
160756864
163288943
161666958
163738133
160930603
161509229
162578967
160276481
161167981
160423640
162050032
161400531
162950357
163078360
161992722
161268330
160674262
159847626
162284734
160975542
226295642
160700561
160872245
161503491
161263527
161662642
161742162
162260414
161447874
162051297
161962609
162838609
161802655
163799149
163797355
162709522
166142900
168373397
166869986
167920396
166037307
168778663
307762257
184545615
160783679
162551680
160336060
162365338
161432868
161895175
161541423
162256088
160814537
161378464
160956384
161846651
161548436
161001217
160437458
162889185
161421573
161598800
161959511
161110472
159620699
161482587
160601137
162492750
161289580
162571329
160533587
161218484
162021576
160993648
160902816
162508459
161714702
161097673
160962136
161308743
162277399
160067781
161865927
160910607
160998324
162302675
161192060
161309862
162586501
162157618
160413673
162363026
161215411
164381452
163755826
165497616
167313556
168028452
167752909
167160607
200164260
220043494
163373688
162022197
160192238
162585052
162313899
162204551
161011650
160392215
162600309
161241014
161139862
160715156
162020809
160740834
162082186
161855216
161461298
161206325
161469764
160800855
161030331
161997052
162280058
197877818
160865187
159951364
161686863
161447359
162444037
161227612
163153851
161733479
162159617
160192640
161781879
161865107
162466807
160736809
162960071
161855848
163260880
161589373
162181606
161533567
161800131
161597567
163099353
161499640
163185236
162653066
163070206
164688433
163836649
167321431
169653941
167876913
214177081
215210819
165455873
160114021
162140752
159992240
161985677
160797474
162290514
161552746
162685032
160927609
161169949
160154836
160303497
161293232
161316937
160931856
161640910
160763838
162218803
160309806
184802969
160464639
160976018
160741583
162735522
161833121
161919585
161280633
160889962
160518308
162246372
162580495
160852940
161490859
162101666
161768956
162130872
161802699
160787264
159811115
163471180
160723363
161143749
161046695
162187697
161484714
162636797
161042495
161282650
162470339
163062993
162492481
164208282
164717178
167746016
168050092
167456927
260217114
165017114
161753791
160886295
161278067
162869112
162055180
161170202
161612568
161321198
160698366
162049046
161434841
161802056
160754783
162018266
160673449
161273263
161344748
162611269
159827564
163742271
160035246
161375946
160926675
163415171
162201760
160921384
160632938
160441073
161161829
160487591
161691551
161032843
161553911
160823947
161671281
266805658
160506193
161717819
160778409
160174935
160625358
160869151
160534416
161326555
161169047
161308651
162307895
161889892
163449666
162385130
164410959
162874867
167188489
167328435
167282768
167100522
313997714
177298333
160665338
162202711
161719806
162133509
160982998
160823106
161645033
163848969
165150073
161294427
161834020
162602186
161056274
161460009
159960769
161223561
161032559
161682069
161542245
162214467
161029533
162122061
160874247
160817960
160851083
162279369
160323403
161879539
301345183
213298492
162115856
162794312
161213376
162459868
160989251
162199643
161132962
161790318
163139214
160432746
161083136
161149022
163583083
161263479
163146255
162001806
162427502
161793200
162646859
162279550
163460839
163849285
166447306
167462089
167779499
167521110
254416515
168360279
163915999
162644901
162482963
161498569
160951300
161919214
161770112
161995689
161264024
161302194
162019203
161004099
161960050
161107304
162561407
161039644
161013706
162349906
160702445
161762893
160600231
162108469
161576220
161685605
160728713
161855578
160909806
161709531
161528987
161220483
160501732
161571028
160516409
161111514
160491310
161058745
161663751
161123556
161733521
160973342
162025695
160809101
161152129
160804360
161772164
162262552
161381444
161530304
162114581
163204646
162047333
162842960
164248442
167248727
166688917
168426759
166735072
307173544
173872373
160730185
160156948
163634016
160755301
161552793
159800893
162056675
161015133
161877366
160671110
161221253
160560118
161804806
162978390
162718498
162400555
159124137
162002941
159896861
162652842
160537413
161604995
161462025
162098400
159952145
160883147
160154146
161777812
161280388
161440031
160663419
161909891
161236245
162005603
160614936
160376555
162160114
160669019
159551792
161103008
160086844
161965082
160462856
160823538
160013414
162501488
161990229
163416982
161391251
162900682
165151316
163459611
165524362
166211973
167625942
167383534
249230004
174706724
162716571
161762523
161965358
160247934
161251313
161100506
161218061
161748425
160961173
161668913
162189830
160728723
160221902
159355199
160899534
159956107
