743946657
948354628
648751100
654832982
680075432
478493130
1167037146
867068706
309845734
686563933
774901191
751928100
689379934
856726042
719122238
773281180
684737121
671035651
727484209
901819856
651062939
666896821
639982802
667686643
645589296
905779078
876820295
638042025
657713458
762943447
807044884
878860000
666959990
664950473
935091529
738312578
681502447
843212469
245257665
671527771
1117836974
697234511
690059883
849780552
868744794
662710943
1505071335
147893968
739903026
1226672955
760540523
622201918
667634436
652554186
762800365
898937000
665136180
687564180
756082498
683169791
767486383
936236573
937845273
667798872
90307201
668066755
723407428
904100401
707851100
662455158
809330033
719837244
877742466
1412968321
661554770
722365030
655538259
739128393
870976476
678467765
658559756
668872599
685966155
632314688
844230867
691515949
642504950
637708243
677421872
720384338
608702764
788756817
669522392
665970554
644378446
1120095516
906539120
678646510
778634579
1128656835
707347567
1112560589
951471532
654599608
668355146
661946885
765649301
93059870
151176404
970023175
636749665
679378873
670177538
1382074093
1372402434
1422783648
1428851728
663117622
646129271
760418530
879114949
675760343
657786675
759045588
642902241
823356622
722020206
836932217
833211019
797705258
701024336
37980575
794540529
427347061
751372786
859501557
314825121
1370440471
636760134
661710519
712776165
755062102
817154219
675601845
677199230
1344295832
709005397
888894303
912549741
640943880
803311170
676155776
716893767
355207783
891930095
791492170
780797839
672426604
691885703
818473576
877213242
610050994
655706943
662695270
763605774
716247283
1639097478
660362107
1069346616
1056636984
581740191
852754950
696477513
674388626
666545082
717146995
735604042
835103203
670624124
610155808
679334439
1566420237
962766746
125869445
650280361
635752683
790388896
1722140993
1038836392
878099463
798033490
663506807
665772305
743387171
776739627
498791118
266110005
639656720
836844528
872301039
711555265
746315008
821635071
670512753
657455784
675512068
654546595
686584679
880847314
335975417
899718387
805482479
660355357
734307977
878388406
662598004
748129078
1433465203
1277027419
1581742409
1411702425
725722482
135534102
810513448
745443042
675204244
659524818
690605244
710258401
725133628
817614148
676022624
971942015
681305271
220169344
521543859
723502291
763103886
221991072
673946614
783040904
666420942
710642678
686879279
529890337
794391936
632347578
794350709
615279359
772731027
893301759
707821009
1414108611
683869798
729656817
891753516
672640664
722437268
668191570
662119404
1674740410
168765590
662571519
690167228
664699752
1073610410
783829390
809688397
631451689
637420090
777215135
360356718
892614243
1603759920
803984890
687291510
702075831
733365404
897045451
107304048
754955049
666112937
294423251
661091431
721328283
873571433
100790025
675172591
652038770
678871962
656151854
42583206
734894044
874620411
641139280
666403517
683770116
684479158
1007563429
882023846
794644290
73736569
678424433
202695320
680284511
678583546
756256468
1068604920
661491081
694492353
674531955
730928204
921101855
655846664
670326155
673651359
661134300
730372380
903416112
735774533
659557910
560804486
657108024
693087294
772661138
835303622
642089457
663172054
642398497
695670996
748870097
952389494
649922865
673039991
113349239
626064614
1053176051
863798740
838156212
670550218
668614870
658856948
700099069
793934855
745932404
647520796
1499688362
850953708
789739336
1533847282
667929301
668273111
693923442
839584328
730118761
648662930
631823548
636002589
663826007
725187677
882437753
628640005
667544296
671291559
682832302
730515196
875429557
199793831
630589898
667042838
715572496
672419743
889182671
848198756
677959895
648406055
644476823
845440727
738784313
842366277
757585077
685534877
636493327
694530044
739506870
864900876
782285911
668121061
664843193
705346078
1046507305
692249468
641957414
650043292
221484830
1489782739
891685258
68826638
551908123
1354006100
1321489228
1522786290
980995518
1402489412
742347160
1057261220
544173178
1080699881
1049600717
1426240103
1156142728
649115536
1055897704
840602213
1436008695
1526643866
872015552
673565676
676741025
663281949
699316055
1324438110
1475947318
1293959589
844473505
609835037
692920540
1206747819
695701417
887469984
39260795
885234787
1015161180
1036903169
1633620456
1458949550
657196874
995063174
1085684935
1134015503
768750746
1106439391
465283071
1082684345
760909184
839605256
860190536
658904420
664905329
677229301
637869619
808513410
842556499
650446312
645276551
375748698
747133217
719643069
1016127692
671165744
682302434
661902280
740909155
717819439
903176045
669019733
650401424
676090867
604453740
728172213
895899749
383003065
788740541
646565495
679194606
837944754
790782765
762808683
653809195
391879240
670214538
679505276
751823663
881658255
673205240
662518938
681149697
700747002
731722200
853230808
753742622
681778362
577189352
682591969
814995027
875326898
44806042
612308728
796125126
678953275
