718164721
904271629
724454116
647754450
674733102
479561594
1138988430
807089362
384953964
684427574
774356090
747434074
647504578
729849458
877485312
775699604
695641368
664523325
687425474
730580483
832743241
660978715
638335262
666003437
608990142
737467564
1059509283
632366627
653972175
760595928
777883837
732093932
840812387
661433222
930902804
708929361
668647204
875568633
243927869
667001008
1106371721
690130084
648630967
779810225
967455230
655508422
1495075182
147224469
695263546
1172021913
878860030
616410641
664025393
647026830
727385859
891047585
687437924
683639589
756199585
663743773
745945929
965410494
903587164
674919178
90224579
662456443
687840847
782716091
862658902
657513399
804585823
715552538
848309514
1446339795
655300798
719239646
650827094
705541103
709004523
858331730
654792471
664427514
679719738
599209885
724489487
828961140
640555776
633360116
673840622
685838946
588610862
809356923
661448439
664458742
635617449
1087294011
753424874
846878114
777551195
1121607607
678984068
1118250040
971520379
673440359
664166256
659804626
739538887
92920873
150493528
809868379
804925358
675873103
667269830
1368902773
1318767253
1322315960
1594970610
657416485
639427430
736497178
831711435
727249655
654141286
497399072
636482014
1062862098
766869447
729532356
829627805
794048570
690767203
37421979
780415632
410815703
742770228
866779928
300390444
1454928731
633029491
653885167
738489164
750450086
824523565
669131500
670001625
1325562394
683760404
880498398
861672961
634911331
793630595
667617749
692464862
353414515
891534474
783440607
769912771
664476963
674587915
808376596
883032066
599435532
645900254
653629170
756861397
693213697
1637635312
654082794
1058532635
1033774528
580161200
852800843
692507273
666670435
660676258
691039144
732081457
841290406
662749696
603631494
668162061
1517010676
978311401
123780478
644339241
630555791
787314239
1677844331
960511076
861574945
786456272
659155115
655657860
727008505
704833624
594821257
265272199
789050242
680877392
854734368
693053009
744035612
843494837
669013501
653680190
675854727
637589557
683145696
891152195
407700949
837306385
780656052
658405891
711871810
753315190
780192251
746096726
1432649445
1264690826
1584518605
1406994824
711494627
135140797
723238686
858721869
669794837
658148180
692118887
694045038
736457121
815619416
670003998
959649591
679674035
219638101
503472443
722620406
776420745
221651258
667619504
776647732
664703989
696927661
687296284
539338990
793665944
627044712
793998411
609638802
760570859
902971792
708930724
1413617709
667866570
723660638
900254577
666025175
719755921
666917942
658102959
1678219365
168939812
662698429
688882707
663082093
1073601352
748004287
852131092
629436047
636718991
776924428
357520396
900952348
1614408209
801549703
663773681
685604798
728897321
905377519
110340837
759622867
660904201
294794013
656823622
709340090
759445288
213367980
672258120
650199211
676734133
651784919
41029815
718491201
863672556
656669985
664626672
698327595
684209174
992281254
889499083
816236940
73698538
658919874
201959271
680534541
659734153
754529156
1075381603
657176263
691274087
674931029
714355507
798323002
793882945
667062004
671305929
658439648
715032482
791941168
866575122
655517228
561130306
650609494
676124097
769573212
841565840
637474011
659544429
641092833
676105206
744035803
963961894
647508934
669989358
65480233
623335348
1035984614
729232462
979522926
666589644
663174576
651452296
683649786
723724161
830377465
643130686
1491169569
839322498
740062023
1586287653
662540748
664897314
683456491
753268073
820384318
645022616
626569198
631306336
651631823
723030726
888377395
628874715
666449282
665940789
668602182
729970566
885520548
200512341
628669502
663978245
721787418
658881435
887403173
862978512
675003462
644684404
641803406
832218749
736465520
848851782
754506665
687304109
634672797
682012009
734724192
874045270
783759201
664835874
662011612
694072372
941747307
822607151
641088513
652602888
223301451
1480263351
895630591
69642489
560122246
1352182605
1330118227
1534557004
1085014673
1115073084
928614205
1099313007
544967361
1079993450
1061512461
1267278856
1217661715
953932615
732875191
1033233376
892210121
1411021802
1639300348
676269763
678556265
663801995
681002120
817893017
1550109443
1306667790
1358104697
1077988704
683246718
1121238268
810996487
662093956
38931561
666601720
868349892
930906688
1637861383
1304655537
1018362466
834925810
1015720598
942630170
1099552885
1277681558
235024878
1048409899
1277554804
921962962
910304834
707895304
667914008
678580818
628586868
809992629
847731914
650709471
643932445
375775817
748613928
711225716
1024535607
674003487
680803856
664417609
745495708
706841321
900684168
671326210
651250216
677229243
609252928
720109719
920609622
382057180
791920690
645927548
683013157
835090764
748115613
827552066
654401820
392908027
671826629
673040884
750798894
903073634
672966162
663159106
683416801
694443894
733596931
856161689
758393180
684308546
579762311
676956923
815047389
880126401
45846615
614880937
672151334
665630964
