12725472811
8986095597
7907264580
7538526208
2744974313
1982293609
2026258086
2073122234
644071807
1316653698
1607670207
1956783006
1509487176
1498632015
2127512878
2696128020
3009098756
1583642416
1332826424
1381498426
1583213658
2013948547
1267212698
1325681543
1188589057
1333918880
1761025042
1305529274
772037852
740178709
767070075
679443131
744643957
831160504
1031463356
722634147
702010465
1111115412
303686802
855117986
1072794659
641467541
645843711
1081041344
1074954101
797970177
1475906341
182657850
684896989
749234835
898724859
641290697
666136157
649671274
692278427
768375904
840747503
685507793
755497149
670262775
729329061
961616144
829508076
674442333
106235759
663888731
684606010
727514072
855343044
663598104
807315099
671273767
856967665
1424993990
659787342
757947952
661583145
730200359
866513414
678155402
660678126
667289950
684622833
640920332
880592889
656960121
642394045
636321721
676337868
739206489
747273322
783730283
666123416
666242773
642586109
1149158519
1303101138
677204496
778357681
1140596410
