11812206213
8626002282
7885137415
6873718562
2672307533
1990670987
1902563901
2077370906
2174083857
1306077465
1586111122
1938816977
1528087566
1476693294
2119962531
2693124601
2530760033
1384816989
1332616943
1364072925
1411148236
2036291081
1264954319
1317041461
1181477754
1325295246
1739208010
1488270001
743265724
775865804
759022129
665788113
739485498
842559564
930530178
730924737
701949233
1194494058
297032191
866169617
1069642949
637757354
642291830
1069513787
1055133352
827182052
1495296252
183617048
679998240
881673478
898999430
639816305
661873338
648919122
685159286
754604583
859638022
679493635
754791733
664376215
707963767
921427199
851684867
697802732
105905248
673540473
664550587
722825122
870956014
657107083
803974785
666598876
836524566
1433239809
653950644
754855961
654250920
707529013
742126117
805326718
656574822
689233149
682573789
612233461
830821948
728936529
637531432
635056750
674030042
711525188
585547845
961753533
661381531
662638548
646727890
1118683586
1309748433
673307433
776142957
1123218514
