1477447767
822805114
582014491
494943125
405689836
481771174
378438405
425642096
445640094
437152648
418905039
417480858
413367900
399852970
403025498
400908055
402688159
410350977
401443777
406311529
400555056
334544789
310089243
338817156
241532963
188223358
187545107
186454203
187084044
186058296
185681243
194180521
198904722
198063130
198597490
199317733
198437007
197822726
199127122
198808529
204704907
198102475
200374340
198284229
204145059
219325769
192689121
192390776
186914733
187802642
188372539
186153153
192769612
185950380
186741426
188632811
198765358
198431675
206697464
199099650
199669095
198729079
198082267
198723387
198192584
198064361
206136212
197991263
197435552
273011653
354758850
191375306
187649140
193832119
186798643
184633729
184912296
186155256
184729230
187399769
197961747
197951898
208315311
199294907
198557393
198383735
198202582
197991853
198240965
198147548
203613691
198003976
197954883
209201706
196064840
350408264
304056654
257698200
187467847
185548678
184273708
191398738
185693252
188441487
197732993
208681562
204076567
198422427
197799419
198662169
198323539
198818636
197612426
197349719
204580669
197527775
197693518
208195542
187552396
191097267
208820644
268678378
318174431
280837856
185762161
185341486
185594042
194262771
203907837
205863994
197304060
197410773
197931377
197930325
198053427
198764161
198491656
204198686
198355588
198683088
198204613
209188889
187441514
191553228
186544890
186789482
192322583
210122204
304015864
303790456
191632579
193190744
198263134
203592348
197937588
198665785
198374464
198286507
198059969
198705880
204694832
205182955
198746357
197773056
201277753
207606277
186774924
192087177
186798448
188185209
197776043
184194054
185294575
185435551
300247617
379304416
260718626
209620644
197697463
197444525
197652920
197865941
197440968
197577896
197492284
197705759
209733917
197077480
196970678
208320035
187123172
191956459
187549278
186213902
185515992
198102769
186172254
186235834
185026587
195621188
360906493
418306800
431196367
255694717
197405339
198311563
197499938
198987170
197683826
197547268
212512329
197332872
197232513
207081371
186380847
204300265
191325996
185276218
185894878
195100080
185598868
185404190
184802312
194713981
197629603
197328744
198087017
373175135
422676868
316280924
197874154
197817367
197026170
197358709
205584010
201735024
212770616
192897346
186924905
190671668
188029183
187155781
186411654
194593662
184851815
185350287
186123519
193590706
197303155
197780266
197599845
197469068
198241789
318709845
415693443
354986636
197751211
197460832
197685606
206476627
213303853
194306810
186868717
191691796
188195996
186996169
186555174
185424507
194260151
187275406
184770871
195101100
198655209
198144373
201039927
198465651
198114237
206883075
197935458
259735613
414088137
405476947
198829087
198770287
222155706
193789200
189031796
192063456
187352361
187377328
186946323
187337863
186631467
195052047
186780800
196372302
199712557
199276543
199162777
199246496
198480267
199627516
206834912
197718858
198002543
251944462
413568622
412281078
226122544
192783518
192919514
188571494
186427451
186586171
186064415
184570931
184928006
186118698
185425457
196521133
198089679
198150784
197525511
197408501
199511226
199879643
199176843
199658595
199350682
199325885
198697217
203879643
377410242
192485183
190174062
188149144
187907568
187689907
185822165
185642396
187642607
184605597
184751852
198576187
198217719
197846267
198359848
197825678
198124373
197774222
197512425
200221747
197791503
197166802
197275498
196904386
210216283
193820736
189254664
188910824
186221009
187717177
184958583
183916351
184900582
185499846
185331678
197045803
198588960
197884328
198435580
197476157
197676816
197703125
197993004
198077663
197822260
198465707
197308199
196676143
216209320
191694385
190521599
188134376
186148421
185884423
184706034
185391539
184992115
188140076
185576259
197684290
200603518
204729147
197778016
197640817
200801913
198015866
198189204
197264886
197638161
197040731
197795900
198577788
195157161
192278139
192302805
187365031
187334512
185878419
187309726
184283284
184668362
186117261
185253899
197727240
197250879
197986920
197654151
197881441
197648821
197632981
197982932
198271317
198128718
198927037
198656746
198316965
197216002
192515286
190869835
187551571
186795252
189897466
187569195
185443717
185553754
186263857
185917412
197329407
197270496
206763100
196958755
197595830
197585651
197312964
196988602
197962343
198199421
197836233
204690051
198661073
237093308
358192964
209281301
187204726
186793889
192624231
184744094
184135473
187349338
184690893
187498331
198573357
197826466
204502837
198122294
197732037
198437910
197805154
198063663
197364742
198281064
201543753
204223247
198213647
194861328
192285389
329243605
309539585
231555177
191759114
187535450
184674081
184630919
185820818
185919864
197674457
198953454
204047384
197036451
197383156
197468026
197354823
197338692
197448699
197518341
197420156
203026905
198761972
194385028
192797026
191841229
186339448
262115530
309695247
302996914
212417498
185592024
184661456
187293051
197327480
201093911
203555654
198162800
197507870
198096724
198404516
198217132
198920681
197798550
202379821
198490128
198082697
193288444
191861747
190753572
186660123
202654179
185645454
191025345
275836156
304143329
241572442
188095185
199917946
198478805
204538401
198655731
198280250
198488434
198308865
197978590
197303063
197175261
204463810
197757731
197228251
194117691
190968577
191391517
189756647
186496032
186172059
186825445
184403155
185836847
249653939
329875464
353525785
197744548
210349144
197518970
197760136
197223451
197129444
198755037
197089900
197704511
197176562
210428886
197696455
193125475
190970511
191187631
188169085
186194581
185755582
185055427
196639627
185306502
185243344
190282810
267292723
418721051
430090854
351268484
197512526
200241075
197793006
199092965
198420122
199300036
210416802
197814849
198391288
193795901
191748772
191693426
185759899
185927716
186342791
186013628
193669402
184666701
185977561
189439194
197753171
197277963
198265220
269455651
425712064
395454454
199272714
197084927
197692136
198202790
198034342
206157117
197258736
193634716
191804336
193412956
186524603
186423132
186858474
186229135
196260158
184227621
184527909
189428293
198065691
197942357
197091380
196997331
197762196
225894661
415132332
412314375
231841863
197512934
199797154
197891942
206670718
194368972
191225510
193605740
186050937
185856320
186165314
186745931
184177304
193918390
184353339
189530646
197036754
197034471
198486856
197288472
198133909
197996231
205980423
197797403
381869489
414048251
281367997
198796862
197546138
202263586
191524424
191420539
187504394
186144354
186490417
184140115
185953924
186339432
195843218
189390219
197233357
197361298
198547310
198686864
199052014
198501412
199091187
207766057
198194872
198839493
332962101
413476769
332420497
203520911
191905964
192520605
187187625
187207442
187466161
186193686
185486088
186685815
186891565
194157410
199826177
197446478
198260506
197364072
197762655
197399469
197874738
197533332
197231752
196917888
197546768
197758678
302539869
254975412
189713680
192985404
186456782
186873800
185606015
185330412
184657040
184650979
187042019
189842112
197493776
196805054
198245267
197059556
197395732
198363190
197862594
198264493
197992830
197700757
198609906
197200561
197866461
193720804
189985963
190598320
185971293
189772119
186055182
184634988
184563472
187359748
185371520
191198184
198814693
197535024
197480240
197205119
198561254
197658427
198113758
199413375
197521848
197784485
197796589
198958715
197995123
194245695
188805521
190676728
188084407
186981272
186949151
186347393
183942016
185464885
185588820
190526213
197231079
198469360
197418372
197954136
197913999
197353860
197915273
197457766
197032601
197605817
199352790
196926382
196913447
192567121
188541111
191703148
187294222
185736589
185011890
187086811
185759432
184821889
185272462
191846018
198521807
198630784
197925741
198062019
198408764
197418933
197887538
198558648
199010531
197482352
197373467
197579546
198564628
193923034
188981653
191963820
188334039
186572077
194693200
185062935
184872024
187003943
185809607
191568382
197843145
197869473
197846331
207080256
198275000
198177156
197632366
197287753
197388204
196977868
197615714
204589596
196903467
320516226
324599625
269549708
186298128
185657478
192585034
185293159
185097148
184718543
185049208
191864802
197812176
199020189
198177385
197395047
197815261
197283305
197571280
198129245
197170802
197211950
202895614
196843725
197003635
192270018
188332975
274453468
297186612
186904876
193845296
185281636
184191406
184580371
185310181
192091300
197401819
197153027
202401941
197699210
198264549
196654925
197174468
197124796
196863720
198204786
202552845
197320083
196750196
193125203
188548271
198759755
202311378
306146169
309405579
293140552
184484679
184466265
185110832
191050641
198165772
197342025
198008334
198263105
197109935
198226607
197377021
198733293
198209995
203371613
197840898
197370809
197934565
193881032
188260305
191296706
187502744
186227323
191082581
202945637
305241086
226619289
184834900
193248325
197817142
203010039
198639617
197948200
197796573
197844464
198635099
198741389
198225514
197619539
202213934
196755936
196532303
193328505
187181284
190786561
187290962
185737836
192307977
185403064
185186154
264917106
303709319
282111070
197043328
212503665
197982403
198330552
197800841
197064358
197468733
196637612
196679571
197075459
209478005
196689269
197195517
192749421
186987188
192484290
187083361
186273009
185484889
198294553
185932674
187709784
186717840
291595097
419219627
377343575
254716883
198160940
198141764
198487688
198205153
197210824
198299032
197145602
209641163
197924664
198040653
193321231
186367536
192706819
186275863
186497973
187375953
185495617
198399421
186107064
186964704
194081900
198327304
244338524
373777331
432051613
369709642
199092612
200476988
199073585
199416173
