1400932273
750534966
451316593
433714599
468472374
411087490
386251305
475743795
465469900
450196649
427479527
427386101
421075206
410186167
410909845
412961343
411793134
421659199
410726909
411543833
410274405
347598602
317105488
353981645
243876521
197922729
195317646
194848389
197356028
194491234
194905708
197197589
208008329
208212235
207835662
207813480
208564850
207583366
207787321
207344775
214360432
207199050
207302595
214497953
207332872
229167895
200618384
210289631
197848029
196690820
195828962
196240702
201947005
195393640
194565846
198925154
216241308
207744180
208597733
209068433
214009490
208273831
207409157
208488145
217054414
208497584
207768847
207528592
208172509
294844501
351915332
278729558
195307667
195636610
194299363
194433386
193904197
194166532
195476407
206606371
207369182
206931255
207338915
206979005
209033447
207303718
206747156
213730403
206446789
207037596
206486333
206860651
208044579
220333032
218232682
288349567
314208506
304015953
195437975
195192601
193495002
205616520
193796102
197488230
206520489
206722000
207883706
207616330
207552870
211882562
208092390
206110814
206087651
207231082
207593376
211174583
206834403
221883383
196352664
201480525
195308972
250898243
313727537
289340682
201267212
194831660
194453835
203076080
213916326
207801590
208007318
207751145
211832107
207651708
208315791
211878616
206953188
208146924
206754642
207825807
229589445
216050569
195937309
200619770
194501616
194337306
194666947
222361005
315082198
314882511
284113564
204099806
207447862
208648001
214269955
206588349
207603717
207265328
207159548
206665004
206531300
206238858
218047553
209948579
222411951
202077614
197315795
201874009
199074178
195472252
194441244
205689781
193726282
197366292
228227212
399078355
420220398
207405173
219485252
207540238
207159479
207158927
207090578
207212058
206870542
207440239
220134479
207801732
222170867
200957218
196178045
199413821
196287704
195349971
196133843
205747481
194336866
193835399
194854925
203390967
223228295
429125128
443652993
410642440
206655307
207347153
206932931
207529609
208410103
217410852
206867478
209522625
221414318
200894790
196384617
199497821
208779160
203757390
196092766
193937634
193843144
194721333
193790826
204204696
207050173
208654155
216055711
232716107
434784034
437042633
237729652
205901301
216512926
207169088
206518879
206609411
221208741
201429331
197729369
199563315
197167246
204871075
195252949
193945940
195803179
197069592
194694444
204743875
206551060
207722584
215968647
207548045
207609922
206889029
400441134
423414470
417376469
228781502
206906723
207403581
220215254
201624069
198168429
198456103
203613119
195540684
194732817
194899161
193357327
194421868
193890905
204937972
208815460
215492619
207907665
207957418
207352907
208219665
206966496
207601727
223622994
419473754
422758211
275718835
220777758
201827935
198372827
207062669
195872101
195973141
194376634
194640633
194398736
195090704
195577274
206862530
217422927
207789523
207443879
209044043
206294627
206513791
209273827
207530934
206649227
207791575
206614062
395747698
357212454
200407883
200675810
198532168
195691951
196898090
193810164
193474872
194293278
194334717
199285151
207270142
207030167
206547235
206411048
206455812
207243472
206183077
208915330
207405047
208590468
208042942
206430123
206758164
225761386
201570050
200236509
195162370
195292355
195647417
195022306
194109421
196352870
194560072
198047533
207093458
206702679
208531496
207424323
207510064
207748746
207193437
206452426
206470792
207688643
207806645
207239554
207123145
217928075
205386633
200167389
195179593
194745052
194719303
194026033
193591011
194505850
194922257
197062682
207302594
207325928
206757855
206556064
206052532
206433923
206297746
206936592
207318293
208700635
207757033
206172439
206178569
222923194
201629122
200303396
195428263
194950271
195151372
195561305
194219490
196961380
194064526
196329257
206533982
207939138
217846480
207780307
210427259
206533661
210368659
207154225
207001517
207702331
206249965
207015551
207121241
203818841
201174835
201651064
196108570
195867014
195614314
193882603
193768238
194062694
193887284
197844661
215375311
207522070
206104211
206528553
206708062
206813070
208056579
206055277
214592992
206235899
206537108
208279853
206972582
276574837
352127668
301707263
194579531
194331713
194596222
193736659
197708074
193942487
201197508
199195195
207073022
206896167
206451426
206674810
206563749
206598385
213300791
206464222
207591421
207133437
206803873
206521239
206502773
202447038
216078120
267697031
313604508
303974118
194873557
194029302
194662048
199221044
193243737
197300725
206529004
207638250
206056019
207121013
207549333
213009802
206263924
206387065
206431379
206165618
210115141
207660663
206995285
207616560
199087622
199449225
195225694
209221602
313642982
314713876
270602993
194121165
194018753
199667096
206523534
206644102
206231794
206179083
212692212
207807871
206153765
206684238
206298028
205824012
206211415
207711861
212763688
201343115
197257272
200283993
194494061
195721891
195556668
196021858
262870591
313837951
311625030
199549034
208222586
206742379
214775109
207396164
207374432
205920665
206628052
206520700
206287138
206922328
219195082
206161831
206551998
202501353
197815870
199316924
194636741
194370759
194985310
193762198
206326122
193888898
200438436
371898716
428851067
249261312
218766863
206306656
206551177
207353604
207371027
206940684
207600361
206576966
206379452
219123377
207533265
206567829
197897384
200011269
194580865
194578682
195621633
194110838
206295736
195160831
194662761
201666627
209492687
394016788
440835348
430179870
240913056
206678539
206854581
205988555
206857116
206220204
215736057
207255600
206589220
202687366
196095489
199974980
194598710
195679522
204109645
194338158
193372823
194359308
193636843
200528636
206677137
205909647
211297719
217358072
397135964
421476233
287778485
206417225
206445509
215677806
207434298
206322988
207264006
202074999
196866036
200026009
195133001
194993225
202710080
194358678
193923896
194521575
194579204
202458665
207626562
207640468
206723145
216406634
205850215
206818233
350954248
423224458
332134141
217288301
206091600
206299324
207205847
201333379
198665116
199746440
194752813
195004017
202504863
193350081
193871237
193625242
194316508
203317558
207564615
207055001
214981371
208082033
207219584
206939804
206332617
206495444
302993510
428423213
423230601
324101972
207561579
203012733
195903117
201100640
205124604
196229363
194665198
194071166
193773673
194324183
194123765
202275389
206097823
215322887
207314283
211363995
206673832
207559567
206742802
206443608
207281812
207324592
207589954
312796177
423028981
203746500
196549619
200612268
195284047
195964694
194720573
193516857
193857672
194916272
193759918
205196079
206932972
206643295
206251714
206072396
206810510
207958209
206646471
206768733
206499373
206086152
206309514
208411558
208596868
200765457
197112854
199402240
195501388
199017864
195592631
194786888
193302403
193480210
193583584
204441905
208056807
206734377
206628567
206858732
208511386
206861739
207050254
208465799
207595986
207071745
207396139
207335805
205836921
201120608
196809631
198065725
194288386
195458718
194442357
194049926
194308956
193753717
193304708
205870436
206223453
206398744
210997995
207095952
206573163
206354751
207122822
206140095
206396009
210176032
206993298
208345433
205215248
200205430
197312763
197709893
195679887
195725683
194749698
193705967
195971718
193699334
193606348
206162568
206790405
206839327
208911583
208073519
206577693
206700574
206988679
206321398
206229514
207551302
207200460
206660710
206079762
200556314
198153562
197442459
194786851
195438110
194460062
194818228
194467907
194934619
195324316
205960396
207530454
208038283
206479727
206887718
205984632
206335385
206370502
214786937
207082948
206485268
206309175
206703812
231954603
290118473
198177870
205377715
195385862
195329936
194274391
194716107
193580319
194103569
193420698
213763514
206169662
206310559
209290860
206835951
206587442
206563547
206074152
213292003
207647155
207110179
207027522
206401361
204473226
282691949
350603192
331389711
253034791
194962032
193972472
194250256
192977933
201957351
193996036
208627257
207216701
206269742
206064513
207701608
206616797
212908798
207042492
207097556
206916725
206400008
207506349
207644731
204639751
205803711
199389810
196829722
260237363
313131746
277227553
193123627
199470102
194570923
194751294
208088389
206229165
206734079
206716005
206094240
213590568
207411480
206356817
205792060
205901897
205757123
207314858
205935941
210131220
201868995
199996827
196335047
196282477
194389440
240489453
312802185
297525163
193746555
194831165
206668706
206850640
207335116
206703974
214320728
206206072
207077659
205872362
207572745
207501070
206236369
211416990
206578345
202238974
200038998
199436308
195549964
202999382
195025422
194341861
204689456
216500959
315247096
327922340
225301801
207547859
220229075
206935771
207098379
206095574
206361186
206698343
206825884
207318655
206613082
218793602
206905636
202787583
200922808
200143385
195733532
195643992
195490091
193863627
205343112
193081630
193526880
195285604
417287080
428847627
422079556
216671803
207700979
208152963
206715246
206823160
208083562
206931525
221181526
206590721
206625126
201901007
201218388
199394800
195531380
195527913
206856613
193699247
193676714
196241893
193880739
196936915
207310652
207419747
228128384
437153986
426006489
262375547
207143044
207241321
206127716
215192867
207850832
206329867
206113529
202683326
200319068
198875770
194662387
194889256
203202718
193468241
193321714
197949991
194972934
198780801
208741466
208448482
206788154
215440406
206372258
374839730
422064680
307462787
207334397
215767364
206005947
206068825
207770691
201958637
200441209
200225673
196150160
203251110
194979088
193851395
193045712
193870521
193579442
198209422
206509658
207096127
215743719
206418034
206767135
206902140
207647428
327835259
421746540
434990049
