200714687
207655037
200523075
198378350
194646186
187624723
191890806
187356335
186480990
186665660
186116921
186583113
185746281
185422740
194142262
198308839
198295734
198505300
206872688
245993270
414835165
258304262
198419217
203740537
199265517
199108901
207181691
198716841
193921695
188653125
191749709
186834327
186558076
186247087
185044954
194162300
186250614
185378926
194401582
198229248
198125342
198210232
198869047
197972833
206962026
357049598
414521240
308773508
198856413
198397406
206795120
198819393
194114699
187344963
191865398
186892467
186884471
186310276
185734678
185168548
195162701
185833645
194906737
198345236
198460564
198339606
198708753
198087860
207200225
198615939
198319448
307445246
416377669
358164434
198004963
207447533
193279239
187776617
192120519
187941760
186851218
186088656
185486177
185242928
194443421
185637714
194827838
198414397
198380583
197959146
198346880
197985275
198047664
206503828
197786600
198024090
198464391
257096958
414490671
409679906
193118256
188368846
191292383
186863110
187096161
187105268
184945456
185052828
186333780
185597718
195074713
198415779
197923508
198246168
198174092
199303016
198150877
198642858
198571884
198296493
200487025
197961379
197952092
198576543
192776479
188383593
191112834
186904118
186501405
186022782
185071904
185307460
185377942
185456531
196150325
198748417
198429686
198552487
198269131
198236499
198054735
198169853
198211071
197690427
198149735
198369030
199042353
197782391
192667081
188467833
190956598
187439308
186936047
187408159
185828033
185524940
185728033
186209924
196165243
198274551
198348470
198336098
198623861
198018747
198015341
197663125
198173670
198425997
197716054
197719612
198053573
198033475
194694773
188212730
190116960
186926338
187261162
186456810
185377100
186047477
185768139
185521163
196333160
198685167
197968011
198545011
198008147
198511478
198532107
198207845
198621546
198073310
198216060
200450663
198308385
199424234
192555489
189334851
190967728
187870994
186948059
186712805
185565165
186009384
185764432
185645547
196765266
199059374
198873442
198336707
198420736
198242519
198313283
198711086
198180031
197852772
206630776
198549008
198327961
214311785
292680160
188691715
190185008
189099516
194005460
186100346
184960190
185513196
185914785
185618265
195781728
198636935
198054663
205408305
199230476
197889281
197762221
198414713
198077858
198530764
198480008
204495629
198040337
197960977
261448700
324936114
315760218
187529417
192886805
185730636
184887784
186130412
185663710
185606132
196287753
197869853
204042522
198899711
198266443
198347426
198287474
197751000
198121660
198117001
198037470
203583365
197691977
197212431
192568563
188945343
209449022
305458895
312949084
284778431
185409930
185841846
186386556
186321343
196807635
198046376
203711787
199335023
199984691
197964893
198122000
198368897
198952400
197999458
198308422
198290408
197796685
197176813
192875282
189215293
189425981
187661757
192018412
208636305
304796662
223007261
185637750
185748731
196877968
203664647
198845797
198507248
199206450
198444780
198119725
198185820
199068188
198631603
203090472
198018905
198251404
196991853
193365408
190416994
189158605
187302687
191741628
185945322
187817790
268182949
304246331
252007171
197065641
204968131
198050925
198337617
198117771
198157025
198222448
198490355
198145242
199013375
210754238
198517606
198094758
196544888
192557149
189823612
189470945
186887553
186769698
198822954
185756583
184991718
185541657
241398266
409542486
371697416
315349458
198784993
199064991
198636161
198178065
198061904
198561179
198215545
269759738
197958219
198006990
196666016
192207607
189988934
188800557
187202867
201012533
185974255
184934749
185355585
185688334
186518093
197773109
254717653
327819741
418799433
198102822
197997322
198105928
198573151
198358074
198661728
210281293
198159368
198401417
196028711
192644503
190271338
188818962
187440256
187601230
196099325
184939097
185277568
186857293
185541216
197920156
198156603
198355328
203504613
428633452
414860826
247399178
198354376
198513958
197956014
206309955
198332866
198868709
196031726
193006417
190139848
188617451
191574440
186845982
194878656
185630164
185422150
186361325
185684626
197686173
198176961
198353615
198508819
198582899
207247728
369016835
416227629
297822575
198331804
198210384
206957479
200776545
194492817
191100774
189886479
188005123
186506570
185653297
184973542
192941635
184308835
184751662
184374248
196724495
197330480
197311193
197641489
198100476
206762049
198176159
198174996
317445888
414494422
347988574
198839583
208925308
194210122
191155547
190081838
190166858
187121752
186711376
185526808
185186653
196151491
185810413
186069834
198284925
198102580
198266038
198363112
198310392
198254106
207355650
198575584
198013070
197736086
267999227
414164428
425781418
340231930
193079574
190921895
188016523
187291763
186680207
186033705
185203746
185762582
185735962
186467375
198979908
198202939
198866292
198244657
198123208
199187199
198195995
198330139
198784397
198051782
199523584
198997170
198820927
195447981
192589106
191831184
190142803
187521356
186518832
186280912
185546503
186014879
185762381
186037712
198560203
198478069
198128758
198383591
198175096
197994394
198657748
198765732
198858277
198518895
197918380
198244457
198507854
195558509
192532980
191541005
187716405
187790815
187524612
185720712
185064512
185580277
185689613
186604643
198048185
198341570
198030321
198117747
198858407
198182369
198195413
198174424
198311873
198252591
198360325
197829000
197963054
195798843
192876729
191775607
187941010
187355682
187008977
186083017
187781157
186333762
185821783
186948393
198410179
199379702
198081428
197991067
198404619
198255627
198120120
197693925
198108318
197981690
198724413
198845451
198841865
194699404
192613161
192216490
187183206
187188336
188723177
185839536
185386139
185769614
186810332
187341706
198498706
198652106
198890858
198779917
198722569
198504948
198898271
198485551
199071408
198300010
197960188
198646165
199315751
196327441
193207585
192057891
187423811
187596958
187950316
185878228
185045535
185415785
185915810
186835709
200139778
206188702
198002517
198043085
198620576
197935652
198086046
198250817
198515297
198223645
205467819
198018268
198293186
246412448
359219158
200495920
187325935
194446015
186881405
185811743
185111449
185391719
185864172
187569195
198692712
204780178
198211532
198559771
198070005
198512932
198321180
198198568
198325528
198576302
204692143
198107827
198516287
194265303
192920250
344994528
306670814
312136166
192928205
185789320
185847210
185536162
185401618
187631172
200307905
205718592
198167108
198639851
198133574
199168320
198067270
198459610
198590839
203488467
198294128
198284780
197635052
194202053
192762341
191849986
186879040
191952912
300835533
304449865
219079518
185609650
186031487
187948802
204060528
198331268
198460692
198923577
197991846
198740161
198217664
198091505
197809391
203275684
198187697
197788732
198295791
193742514
192657672
191523198
187047247
192614151
186216297
185999938
272417213
304242292
247825948
187754074
202853216
201841433
198486591
198221580
198362126
198059624
198510857
197928817
198136158
205370633
198132843
198236829
197876488
193872708
192137790
192413441
187984007
199049776
186316085
186272613
186223829
185593579
244011877
325356735
404052333
310692434
198106462
198273648
197838464
198022884
197925530
197712307
198228723
210620418
198568917
198526616
198147840
194443889
192606455
191988597
186854733
186711171
198544399
185432986
184970821
185488039
185459746
188158246
227347095
314517624
431571301
362928305
198290720
197687199
198255904
197961968
197566841
210720366
197842813
197829488
198870636
193506265
191950394
192409673
187401966
187294864
196499564
186429829
185046534
185439817
186621441
188845375
199145986
198384197
198594854
268257999
418681805
408305610
198891906
200012343
197361012
197142869
205900904
197461432
197020698
192986903
190879620
190662199
186313568
185991390
186680693
195160882
185189524
185745985
185891972
188611763
200594905
198127290
198574185
198390588
206569999
207576292
414519987
414362880
242331309
197866628
206878322
199018214
200067238
193585955
191895490
191606855
187239279
187391025
187608537
194916631
185157282
185460636
185852045
188845745
198508270
198634298
198538918
198278526
198100319
206442778
197870925
198704781
374186423
414435086
291106148
206625754
198282694
194215464
191461370
191683068
186905867
187078293
187265848
185885269
194033611
185757046
186313789
191639585
198228360
198627585
198420244
198679934
197941638
206934126
198657040
199486359
200494855
198158729
324612855
414414927
423214450
282523773
191024052
192022318
187063555
187752939
186284392
186589058
185582005
185832488
185659441
189523105
198489704
198342776
198518448
198092893
197939724
198535871
197976673
197961716
198154891
198174207
198118462
198678711
198122651
194057004
191102761
192113692
188420170
187521099
186880689
185849029
185597703
185690570
185442951
191689679
198008514
198154900
198792736
198007983
198000549
198338878
198211948
197966274
197692026
197789681
197865393
198612326
198333147
194590823
191272832
191704979
187222806
187101507
186429427
185793174
185411762
185818451
185901068
189658770
198706393
198355650
198180819
198788949
198294764
197980852
198078076
197991952
198104154
198409000
198526693
197418528
198041346
194376228
190904424
191560134
187097960
187325690
186516150
185552418
185119079
185572255
185776822
189902311
198428978
198579552
198383482
200714589
198035354
198348054
199233038
197958198
198456771
198407487
198244459
197716531
197737621
194328757
191057413
191720597
187442320
188884305
186905596
186274753
186110824
185903230
186121212
190197078
198459505
198722002
198990489
199224110
198988356
199227056
198463874
198558372
199010147
198070870
198130082
198310264
198572639
196126776
190674710
192535157
187316892
187818361
186044056
185347450
185017376
185452367
185332121
191036142
198558793
206125445
