305324546
206358953
206590741
203170348
200279434
200048548
194804688
195425461
195451651
194034902
194792023
194860864
194815958
198009153
216281796
206930585
206907891
207107768
207241451
207429577
206896470
206755042
216825624
212880629
336688101
401026503
207476085
203341651
199570714
209346140
195192270
195486968
195214072
193969299
193687737
194188854
194053939
198481487
215891870
206425600
206649824
206893995
207226785
207298270
206610329
212470233
207108110
207785611
206718574
235965597
424194909
280098704
199169838
199870312
195867506
195483271
195124182
193146975
194715440
193859021
195332807
198739455
207213109
206432393
207309702
207584211
207005597
208515069
208021366
207539866
207169726
207223439
207183453
206857748
207005236
201981431
198314441
200163425
195520512
195148859
194292781
194282772
193445049
193533887
194364747
200297901
206774199
207437063
207070950
207788376
208030794
206942007
206604850
211277120
206815147
206516222
206769371
206850193
206747720
202604589
197606143
199836528
195350219
195280518
194753562
194092292
193386669
194110827
194498530
199609610
207199073
207177141
206961625
206866344
207199735
206683237
207195887
207185888
207948009
207111627
207626912
207610120
207266119
203028371
198153628
200504240
194899118
195013744
194360209
193963209
193979219
193873489
194182443
200355610
207457201
208926568
207438796
207258876
208478140
207455417
207317738
207037157
210978977
208302529
207168725
207560236
207894177
204537493
197791324
200508880
195377612
195598149
195064751
194529318
194351443
194492639
194399142
209079598
207456711
206951446
206938080
206741699
206947017
207037197
207374065
215257864
206750986
209837930
206898245
206898856
207773278
337236871
336601310
274367074
195576248
195067707
195185469
193887436
194170461
200627414
194852320
202239140
207822282
207611073
207474705
206744374
207209153
212862276
206737061
206668161
211159859
208160752
206541821
206916540
206678400
208007121
197415373
289320034
314609338
269792229
195383333
193591257
198848272
194437055
194440661
202046636
207099376
206478543
207257835
207672929
212343707
206954111
206703267
207932480
207046847
206709950
206695773
207118131
212709368
203084358
196890041
200339841
195391680
243528403
313234781
318236533
264476703
194479095
193986965
201839575
206406497
206728806
207514350
211784059
206630270
207017711
212650608
206785543
206889299
207065623
206641851
212528837
207110467
202013194
195507569
200836079
196029135
195018725
194642945
199121909
246507684
313420893
290567993
202373616
207100278
207667700
214608627
206601296
206944032
207280880
207467041
206472011
206627054
218445789
206976816
207398401
207000960
202550410
195475548
199746841
195935949
195172586
194847192
206056986
194367275
195359850
223221266
394416436
429181459
222560777
207625981
208025838
211836259
207138570
206873941
206724749
206721974
207954643
207162967
206369247
207530993
201184679
196174139
200346976
195015079
207543567
194843133
193865627
193875094
194397511
193683793
203895392
215525331
439871062
429177322
253378811
206955545
206668443
206428249
206749485
219972095
206660647
206407479
207365811
207229504
200933164
196448297
198923626
195020850
204430894
194273747
193544299
193518470
193933254
194436525
205163368
207419883
207159500
215638726
397888740
424528678
298810442
206795213
206827353
215406277
206816162
206677720
207845427
207150724
200369809
196616736
199166174
205322961
195606276
194259190
193320066
194038774
194699794
193802367
204621615
207873701
216665596
207179409
206847501
206567332
339209202
423692948
371839891
291120599
206346835
298357036
206714500
206753434
202261845
197409755
207402771
195358088
195437939
194221690
194215849
193852082
193725132
198090943
205455691
215785714
207115368
206929227
207245745
206745338
207085752
206802106
265859489
356954330
423482912
336650478
207419663
206700353
201396600
197774144
207538217
195023997
195276754
194119397
193444722
194656853
193706227
194696978
205133062
215614471
206942743
207643686
207244753
206513009
206991255
206684634
206799542
215270421
206893168
300851300
423173959
379931605
200972709
197421908
197860668
195328923
195130529
198535212
194962150
194033345
194128455
194778313
205965014
206839547
207423140
206633057
206725752
206648857
207743306
207643757
206714170
207820851
206967670
206869423
206975635
204915160
200760870
198386011
197962411
195881909
194779244
194330116
194261567
194193939
194463038
193648808
206068680
207098096
207218664
207213694
206941901
206806125
206984813
206253000
207783582
206720723
206845689
207242670
207519683
204496861
200552626
198927965
196865227
195162208
194438992
193825853
194036502
198145797
193578767
194257097
206510266
206791186
207791317
207110299
207362085
206451234
207085062
207212463
207330024
206941621
206588183
208023976
207244394
204230978
201237181
199427289
196786228
195669848
195103749
194284530
192886869
194519144
194772201
194806447
206458819
206940910
206952452
207708540
207097817
207069072
207043894
206928135
206939067
208399146
207332580
207629422
207521366
205816645
201520256
199072119
196490970
196165225
194994032
194330658
193846071
193837175
198024569
196569509
207314396
207024217
207590507
207039105
207158772
207217754
206667093
214409755
207153703
206562695
206313023
206595107
206796306
249092103
272401395
199644270
195276235
195385451
195343072
194082809
193908961
193493616
201968141
195976018
206241167
206607100
206770558
206974634
206733459
206877460
213604474
206571262
206465261
206049125
206778443
206505077
206735171
202905194
307300622
359491197
267672338
194622539
195078161
193929981
193599947
203443731
195828619
195654691
206883271
206197185
207214348
206615495
206973843
206374520
206885015
207464300
207691549
207550502
206658968
207859697
212249233
202242310
200758226
199494327
247138911
314366736
201548109
199361265
193185484
195566654
193845632
195936884
207970707
206803341
206860900
207097927
213061168
206768174
206905655
206578967
206496682
206217063
206449212
211333072
206842565
202051671
200497634
199610397
195291355
195098569
310060057
318022075
317979694
197603324
193985246
196004262
207008899
206537970
211644680
206721646
206805495
206528131
206174051
206534703
206592001
205893302
211399468
207197937
206365654
201796358
200470763
200309388
195314638
195093681
199622650
193505590
195782553
313079655
313114360
224764206
206995514
214532940
206390711
206615236
206487514
207098870
206362429
206620425
206432350
219481182
206265115
207362097
207094321
202218727
200485331
199983522
194826946
195248443
206730964
193327273
197366587
194272409
193987240
318959007
429855422
440914683
250287152
212145889
207207847
207042023
206969396
208180665
221487713
207406812
206562436
206806518
207414437
204395902
200510700
200061409
195114371
208183230
195578357
193936324
193918039
195018349
194368450
199160398
207071739
219244675
393707385
430174556
297351501
206724803
207130581
215645313
206671433
206494528
206711378
206624233
206424326
202538441
199381746
200648410
208018047
194836927
194728581
193903071
193784658
193970950
193594468
197944240
207423563
217311712
207865600
207114610
342000975
424761937
342268812
215031653
206524245
207269393
207089333
206945982
207830885
202101156
199612803
199754941
204470323
194953647
195026745
193950270
193960570
194203069
194074406
199000635
206659450
215461116
206866831
206797712
206977221
207393869
295763811
422919305
430935124
333358332
207132154
210028087
208261709
202092620
198832387
208536979
195192570
194953107
194669660
193849712
193576044
194205974
194727420
207432481
207151160
206997259
207734091
207182619
206801009
206558610
207109121
206703144
215788244
304986251
423797014
378492513
206238716
202046593
207331952
201013691
195707662
194972834
195709236
194215562
193529696
194622532
193773477
199754250
207194102
207662728
207075447
207347492
207627431
207624975
215945070
207148205
206570222
208869167
210285625
260218954
423136757
258039856
197980308
200369393
194990709
195006027
195217627
194210814
193631248
193820426
194179415
200916166
207237634
207023429
206520137
206652327
208258824
207993873
206954419
207349105
207295493
207643160
207139028
207001197
206769640
202257241
200735766
200337614
195543012
194667107
194532152
193622692
193842267
194721971
193638883
201237373
207787654
207725185
206797392
206791400
207656015
206934452
207038378
207127967
206655083
206558161
210258173
207140170
206724845
202318858
197823282
199946525
194952156
194683007
194483059
193866985
194161772
194455286
194412986
200815347
207654072
207148997
207049169
206829553
206676564
206906438
206692725
206679991
206659071
207015215
206609667
207457330
206583538
202482458
197387318
200674350
196327575
194721339
194666926
194229000
194741768
193997341
194402316
201612253
207072743
207299332
206887904
207044580
206974517
207193622
207246301
208082792
207177430
206982142
207069397
207383451
212296426
203175287
196426322
201087922
196022529
195409851
195134270
193219742
194216406
194813364
194363202
201612664
206914283
207218128
207819434
207652509
206830415
214266800
206898774
207252193
207345529
207034000
207107950
206689990
207891190
361218117
271041619
200430239
195670304
195277732
194418968
193647961
201009383
193876504
194265268
202578510
207550506
207373513
207357320
206582186
213246481
206489532
207203500
206162974
206611331
206565665
207401646
206452341
217040642
202179596
249288097
359963287
290207111
195152144
194321084
199045292
194174637
194140493
193830787
202494091
206962085
206890319
206828742
212532912
206536139
207066482
206981691
208236643
206796542
206358213
207207669
212387869
206687815
201467110
195620199
200386767
224347482
314054452
319031399
284774675
193457522
194483902
193564635
203078465
207188753
211934963
206717863
206587366
206946916
206334459
206677447
207188843
207151152
212647580
211668289
206572619
206865492
201554304
195986332
200027829
194955444
199872345
194551570
226472468
312960716
309707306
194263806
203611853
206760825
206792274
206836177
