1367887651
833621468
584791673
464433590
466652291
369199714
405419199
443681250
395407437
376666353
367980984
365785832
362890474
365520109
365296948
365428798
363712738
367092590
363695757
364906303
363599896
371531162
318585847
241985971
187418873
179034242
176658687
177817144
177628188
176827987
177754567
182804972
177942813
174991340
175859388
177203436
176467036
175457851
174683089
177090103
182904331
175777776
176179523
181561656
175872324
176222606
191317145
176712922
176829412
177195272
178286323
176008351
182697431
182501712
176890848
177280573
178414015
177087250
175652460
177155267
181429879
188486432
180163298
179642735
174851990
177318928
176231214
177595039
175414001
181774230
269411519
274156028
178078833
177148347
179144515
176801643
176938600
184394178
181358455
177916437
178454093
177527154
176631360
175574576
176694931
183700679
174650401
175780244
176088718
174226090
175767550
175750479
176688079
182112191
185700906
196660089
296469171
296614425
189424026
183129802
178214472
183750456
176588171
179485673
177744065
175672593
175564930
181645641
176000232
175688965
176217071
173603007
175287337
174699897
176458257
174991108
181149336
175783374
187933856
176354431
177591047
179009305
281432775
305954035
252603201
176896426
178697657
177361936
181868233
174832910
184361403
176206585
174678629
175159867
175644273
175951642
174146596
177332039
182485510
177122324
175236873
186888193
178719480
176761683
179357123
177543279
183160405
233443497
218001259
294505331
284092471
177857913
183709101
175892944
176796981
177452038
176761715
175731849
176339419
178123025
174710431
182231733
176652318
176537631
175357894
186811852
179069402
179234654
179295539
183054526
177242103
177357420
177314390
177112498
186205287
295470359
300333550
279680625
176796432
176021168
175759995
176339269
176366951
175412039
175737753
175559737
178149118
176373053
177021658
186831130
177158937
177426513
179413726
177616392
177070932
178284342
177931797
176595083
182033522
177899848
178217417
197928947
252228423
177037409
176469968
179912949
176309214
176794681
176461693
176154864
176017194
175054646
176647373
191558839
177125357
177695643
179640165
175557977
177100250
178412708
177004118
181711126
177761839
177646481
174915916
175801286
216131389
294537784
313245509
266852190
175539864
173731981
175901085
174693786
176933005
174137236
180712733
185491666
176963503
177541996
177161767
178031250
176988030
176614775
182209560
176156279
177126671
176546657
178038626
176194361
176122737
177129337
182467236
213048030
293834832
285060786
176482275
174588721
181408167
175570845
177481514
183914140
177954716
179108025
176067815
177912498
182442311
178163241
177034801
176696042
176405102
175534418
178673865
176995858
177359714
180155173
175568993
175413541
174813999
181804638
294585675
299286201
288926097
176875181
175950424
185412060
176605291
176090599
176270830
181828213
177173034
175433599
177097010
176118242
175456152
175185361
176535941
180758104
175047531
176473734
176536613
174669657
175055897
175458788
175558997
180462607
179181107
296337077
294966878
211516564
176527727
177129152
182666379
176416658
176463936
177359057
177288994
176879862
177083177
176641313
177012533
174642779
175596750
176589555
174637629
173726770
174054889
176297765
173513787
175451607
174654742
174986109
173976411
277105736
176886067
178693659
176909320
177361724
177834827
177954814
178443878
177814088
177416178
177704413
176391362
178132609
176506891
177682290
175362620
176135590
176312794
175530367
175271509
176670580
174511423
175742117
175572548
189275252
175550626
176952092
177696627
177074754
176536408
176427804
177450475
174959160
178268388
176735955
177346488
174511805
176363121
175631770
176475233
173777569
176111296
175178795
176183614
174066906
175292640
174649586
176859870
188006528
177053236
178226811
176419849
178061179
179087056
175920567
179222913
176910535
179318924
175975011
176465056
182081661
178257220
175686897
175567352
176429318
173673585
174395107
175091292
175184128
174765177
175480248
176460698
178010024
175729597
178034329
180404816
177839362
177927710
177813163
177489943
176740547
176718957
177219232
178086509
182627824
176901723
177588981
176636933
175156377
179698945
176296109
174725344
175217062
182431324
175897507
175337670
199767371
298269402
217442266
176845387
176402581
183940075
178069930
177653213
177991632
177604682
177573843
177067367
176637476
178854131
182789422
176947611
175470653
176909910
175765058
176522159
176339214
175632709
177503791
177527327
181662295
176640191
257469752
297391627
249754274
176925340
176754998
182943314
175123498
177074031
176244153
176365184
176902137
176458990
177032393
177816884
174741887
180735367
175668257
174858940
175972643
176316682
176843007
174463963
176626998
176094082
183799162
179641240
222469584
297096414
279699103
177765118
177350506
176417524
184402962
175059278
177483006
176285654
177490340
177212897
175368223
176008442
173845036
181172733
176606722
176197790
174465940
175493079
177461586
177737457
176170018
177504869
182360769
176834151
192737823
295309614
294186493
194046194
175376951
176867666
181757539
177745914
175129675
177529476
175663653
178213297
176480266
175710652
175730269
179969474
175525522
176451581
178552348
175433078
177525641
177190708
177917259
178828931
183185817
178926486
175485998
278363376
295841491
223564929
176910298
175803969
182567993
176504513
175012535
177603829
176193174
175487091
174543390
174980395
174959956
181831172
175855908
176508661
177198676
178666146
175683032
177969299
177355160
176932493
181274922
177199707
177364227
263488440
295044991
238259440
177035587
177021250
179690711
175694565
175130922
174382628
175245176
175783282
175521379
175712469
176148572
184120537
177910921
176536406
177253208
177936860
179300876
176932122
177528680
177514022
178627966
182210050
176068513
232008759
293912667
269652595
175621398
176291304
181063445
175200405
177893450
176208117
176260806
176559731
178245695
177699594
180003104
177714933
183174913
178915339
177679917
178003177
177373558
178052150
177031833
178724009
176349735
183366506
177132303
199122139
293005756
294264233
182189444
175852908
175238778
180428899
175260048
177083001
176882684
177783825
177985245
178810174
177008010
176772135
182085227
175870121
177143757
176026938
177697502
175230303
176331914
175358436
177732938
179979482
175842630
174591277
285051089
293777208
214796631
175522787
175140324
182407788
177474492
176817572
180256486
176798586
177527052
176572369
178487134
175340803
182263335
176464586
177697384
177483701
176041557
176454187
176803897
177116417
174994310
181620083
174559439
176358306
253117218
294429011
246526202
174849477
176862608
182932431
176470328
178479212
181052871
179919031
178283623
178491796
178859209
176368606
182365822
176183648
175669126
175852603
177025047
176321518
174737307
174439534
176898317
180414137
175236460
176440564
221807445
303822123
282727117
177115940
178404763
177821773
176522239
177528899
177784191
177156335
178259859
177480718
176994551
177573473
176464370
177133393
176200621
176282266
176019930
176807578
175487755
176707098
176550913
175897880
177573744
176353029
176267458
176876108
177244864
177477834
178094608
177478235
177416669
177116152
177105130
177315709
177770367
176277197
177340425
175920063
175891560
175657387
175976620
174212258
174496615
174878627
175486095
174413999
175284624
175238758
176810675
176915444
181691353
178385190
176718491
177428433
176429637
177851983
175391876
177179593
177635434
176799996
176311985
176608194
178194039
175623705
175368825
174914977
176312196
174341334
175638964
176267612
176286999
174290128
177036094
176168585
180113324
176207178
177846584
176847729
176111458
175710610
176899706
177911057
175582460
177305544
175769091
176849702
174873390
177163355
174813036
176688669
174070494
176012682
176334059
176800360
174588753
176485184
176441392
176728243
176468263
177156733
176935395
176206218
177681484
177383311
179330419
176178395
178782263
176859762
177897382
176856217
177222598
176843382
176245944
177406566
182469377
175132672
174575088
176482571
175954544
175841881
193917196
251690619
178104585
184417175
177018864
178217298
178481486
176999357
177684170
178059118
176108346
175516508
182936631
176193065
174997548
176372835
175710083
175643037
173933238
176088969
181827286
187868034
182900353
176169111
176731012
220596151
296683920
283442605
178509050
188715665
176971968
177205850
175273510
176833026
177762391
177503973
176147210
176286153
183578123
178987204
174451397
176087359
176669788
175354084
175308598
175822668
175944338
180826367
175938838
176732356
176483767
187882012
295942895
297253359
196123044
181599729
176752163
177257198
177410948
175726386
175542801
177495619
177359612
176019772
181947356
175714224
174039902
175605921
175251741
176364954
175408208
177038245
177141541
176048126
184124849
177761391
176216524
177752124
275080790
296567727
230162150
182882102
176637621
177339045
177030542
176895487
175957415
177025633
174863008
174812094
175752359
181891152
174906712
175771053
176524606
177082672
177621799
176260978
177431799
176238427
187289016
177233576
178145129
177022168
244924301
295855595
265346959
182559686
176940243
175849492
177763027
174853533
176810958
176022870
175403541
174208715
176444588
181022103
176614168
175679092
177428696
177729014
176441331
179710817
176925957
177782766
184209001
177332334
177535028
177230603
210266551
296406069
291897494
178761314
181287546
176529529
175879022
174751701
174911733
176055124
175848364
175579065
175640962
182672752
176446263
175477815
177259379
177166421
177909005
176487772
177532404
177943381
181850589
176145466
176730932
176855616
176988818
294276559
294351491
203936539
181465383
174771120
175228655
175152450
173697623
175690677
175005083
177267536
175124087
182770038
178958830
177733295
177967446
177623709
178210978
175334685
178653914
178363836
183403344
176008779
176604503
178789562
175923608
273338039
295666937
228165208
181689918
