1250687096
799475265
562402455
383683290
437183160
364170024
408287439
437186176
383308100
392109727
357007224
358032902
356652883
357710563
358324944
356897817
357479475
357707546
357480406
356833113
358383344
365697440
313225622
263851760
185932689
175264413
176825995
174783023
176045500
173136261
175501782
182566747
174024579
174733280
173128135
174826124
174458891
174492034
172928939
174129298
180032296
174465584
172892319
174821064
173552257
174044216
187084436
174578646
180510319
174782481
176538321
176073602
181209982
175445024
176698483
175192646
183459243
173364522
174071579
175366195
176438322
174318925
174367337
173242822
180446748
173481974
174015562
174183809
174512582
172203897
210158013
293339630
211473057
175402204
174718832
174749800
175237481
174181777
175027735
181154977
175781610
173077950
173604455
172855709
173055355
173186333
171771629
178371685
171893149
174821936
173738658
172017574
172381061
174002417
180544774
179994653
235227340
292639555
263620902
174624473
173856220
180447499
180705608
173365271
173489156
173130047
173934177
172888150
173304728
172378557
179047822
173748807
171452515
172089390
173124946
183182990
175632236
171826302
180898743
184033016
173534551
175485289
179178429
293002140
291683498
269606376
175238662
176030870
178755851
174294758
173466683
174967700
173557645
181252280
172309224
171750550
174502641
172158310
175605787
171492370
174060575
178410928
184693926
172946840
173377855
176869596
174453557
174314315
185201605
238377242
302577590
283682643
174256315
174373016
171168178
171893849
181281966
174558186
173145836
171444650
172586409
172892396
174595256
171716384
179720624
172374578
173883360
183719754
174676238
174388745
175688161
172909058
179235156
173063409
176458177
172214957
277994561
290142223
219785840
181240487
172525733
173120097
172601426
172791956
172518419
173099108
171720461
177802448
174756230
172015148
172762551
183241058
174030267
174825730
174321128
175681910
174184549
175053251
174244812
174619922
174792347
174199497
236485975
289936694
264740555
174589204
172868230
172528539
173105960
178897027
171492580
173280209
171789390
172203263
172792617
182701077
186906135
174652894
179894602
172994128
174257747
173736011
173884061
173370529
173998737
175004198
178619793
173309956
190401633
291621447
290647345
200167103
172852090
178161215
171925758
171495475
172937290
171757831
171882076
184346297
173044142
180158651
176099548
201054039
174303193
175466100
174306669
173762840
173730109
179096552
172750156
173858041
173555298
173947359
174946088
241929164
295607081
289775056
223458880
172906161
173008315
172971975
172248958
182994742
178500005
174785304
175642103
174150523
175159912
173866216
172981003
174677429
178685957
173598099
174471831
173791535
173778069
174235824
172258046
172172113
171861836
172887785
215830931
289547426
188119719
172952808
172841558
187445104
174583251
174784812
175075100
174750217
174119815
174483332
174841449
179010709
176032510
173801734
174755295
173394353
172610753
173343027
172450840
178372915
171246313
172546310
171897855
173506386
252532946
289839336
294717367
213852301
183600375
174647181
173651229
173733524
173606884
180770006
175723375
175552151
175815871
175019685
175402248
172144340
173030535
173881885
172806371
172230043
173655587
173557160
172965843
172939804
171128450
173663221
173033862
232025832
219260473
175921088
174600742
173693729
173832601
173773840
174014104
174620060
173304493
172174777
174493822
173686916
172858439
172711051
174613757
172769822
172782176
171690342
172366018
170359116
172022850
173940464
172035484
173258265
184124645
175135212
173627882
174305715
173836929
175231294
172900109
175050332
174442144
175331764
173602475
173268515
172561417
174783649
172741609
172862657
173136965
171895199
172913743
171537563
172365287
172945033
173427845
173445478
187816724
175169578
175271661
173856085
174408058
173477178
174899237
174028490
173554835
178943541
178062146
174170630
172283071
174022961
173102369
173391867
171191729
172623004
173358845
172724556
172719766
172735806
173417475
172862386
178026237
173896140
178046526
177046806
175885861
173301596
173936036
173365477
177924755
173632993
174150261
173240461
173712132
174475995
173191107
173858680
179423298
172206175
173697845
172743682
173123801
173793335
174231563
174251892
205365414
296217129
207787374
175303019
175157143
175216004
176714898
173573540
173766855
174204703
181003003
173666557
173103020
173491976
173693526
173936406
172182501
172911769
173451269
177404271
172273121
173056302
174470866
174312837
172625728
177141664
239322061
290578019
251407597
174404390
174341652
175236984
173856305
174037496
175185957
172747499
173886872
182248187
172912911
172271459
173718544
171570973
174913762
171928169
172507534
173823992
179798616
173015955
173417244
176159919
174817520
174441610
203865950
293127518
248011185
193504885
173260267
175371257
173133256
173834454
173204241
174639343
172508345
179420271
173990708
172927959
173303708
172873586
172310732
172074455
173417905
171956212
172703363
181272862
177103943
174107307
174377819
174668670
222479974
252316192
274827124
201129957
173560493
173991218
174149858
174578177
174375434
173161841
174633683
172808222
177690281
172020192
174264445
172343885
173044739
172934270
172391715
174842217
174579069
173888483
179189073
173797953
174168734
173745333
173666414
265304293
291467358
211666503
179999746
173746696
172218197
173132424
172700878
173752386
174030081
174711840
170739121
177922199
172426019
172299299
173353622
174501692
174976410
174536067
174189552
173902530
175601542
178446158
176255658
174020443
174713884
250607131
290875329
245024939
178998382
173362810
173842527
172457208
172015233
172716989
172664310
171600307
172612982
173531207
179569592
173426880
173807029
174829100
176234598
173752586
174217355
173357670
175762035
180560826
173768807
174372858
173413755
199828636
289938717
292298858
179215442
178258213
171669268
173529715
171662415
172742076
173957513
174044468
172956962
172897409
180375215
176892231
174771782
175432370
174636557
174457608
174787492
175695839
175432090
173734862
180437592
171962091
173990404
174555924
264160359
289627969
233079528
172015181
177122125
172230067
173751373
171678044
175376365
173184582
174866571
175439654
174597071
179309720
175064736
173006686
174557458
173802039
174577545
174941432
173258110
172563317
179094372
172376384
173463338
172458079
209784724
293641625
284162337
171890115
178083462
172804753
173344094
174567385
174026112
174225149
176236380
174202516
175254674
173124918
180073072
174458319
173410979
173513934
174100723
172909291
173286283
174850420
173226792
178863456
174065797
171801688
173056289
273887875
290701927
222983713
175186754
178319807
175181426
174396192
174985305
173827196
174479870
174181696
175983502
173469800
179092628
172987218
175043875
172250165
176303186
173095834
174683494
172432909
171972450
170468928
177808391
173729500
172389729
221437190
289391681
274055100
173811516
172902839
177463950
173769035
173587804
174735853
172874023
174080945
173692761
173404307
174225369
173634081
173008317
173999851
173655380
172573596
172665190
173673245
172451144
173255093
172688363
171376293
173252970
172518380
264077430
173207174
173997557
174955928
174817197
173647275
176067460
174774887
174229355
175937254
172691088
176571252
173132603
174204659
173023997
172818008
174036731
173626435
171980785
171768905
172038463
173160124
172171956
174845129
175706347
175035058
175411169
175399197
174457226
175766019
175040889
174627207
173192175
174062078
175028987
173788642
174096604
173228553
174795585
172544289
171951368
171819490
173778563
172796367
173100081
173262698
173516247
173223052
174201302
173021442
175012135
174472705
175291082
173390468
174022764
174996855
174266224
173549119
174273578
174901706
173827966
173814540
173116391
174553508
172486340
173259381
171368748
172634841
172808769
173524261
172234964
173205149
174725062
174082197
175268619
173759657
174838255
173938224
175092065
173109296
174073640
173943685
173454570
172751491
173928836
174068831
172786867
171738506
172168189
171966517
173186493
174582301
171828466
172827875
172432438
175170694
172197504
175644699
176276694
182618060
173753424
174864234
174208724
175238542
173319775
174455832
175660389
175088167
176376903
180231079
173022082
174563124
173738918
173283126
172505316
173100580
173487612
174034025
178888811
173759035
173613740
263859095
293205566
236953938
174690665
174341726
181922416
174168549
175793732
173578062
174655710
173190460
172915179
172968210
176494796
178443740
173621575
172442877
174090160
171651912
171301680
172644377
173205679
174230795
174775656
180590658
173902435
211913565
290757528
290360940
176448268
174628327
175248430
178895884
173244142
173542085
173608849
171984590
173781587
173802827
175198175
172409093
178171364
172132309
174097955
173369889
175005670
172958801
173346806
172761579
173351102
180061978
175272355
173055565
273312373
292974338
222666891
175471792
173499383
179725542
172670717
173201610
172668352
174504844
172936669
173640219
172075752
172993376
172671709
177084411
173413550
172501497
172784692
175748104
174306589
174802907
174703689
173032620
180966216
178549739
222506297
290293330
277227925
174351864
173652372
174897818
180252867
174073579
173277694
173954002
173388633
171862820
171415465
171541221
174608709
179127010
173291761
173593261
175333169
174960985
174894029
173429139
174645679
175006251
174094839
180076425
174726182
284853046
290796421
211761286
173324804
174751950
181866408
173142278
171359719
173348136
172983317
172245170
171917582
173696355
172959111
173201860
180260412
173409913
175474075
173792125
175203224
174063570
174146907
173974973
173345000
178767760
174551110
232760358
291311874
264667880
172771065
171892285
171925708
177159881
177465810
171680754
173596054
173224643
179066694
171545299
175479315
173973688
179220437
173715952
174579272
173891083
174957116
172706604
174447545
173077485
175922302
173717203
