179002414
187528740
291233936
290955199
190179220
173178626
173579294
173477500
179512509
176664725
173303210
173947859
174984319
174632153
179268377
174862760
174515763
179206129
174787317
174348227
174402029
174176151
174796032
178375329
172897855
174697476
179277544
173209885
253850453
289666944
242363440
172620290
173438196
172644586
178825981
174260120
174539838
175151805
175313240
174774352
174489723
174942991
174913865
174800121
179842441
174041056
174539527
173928383
173856076
173414591
174042969
173680775
173581968
177953661
198133275
290292967
290761983
179006602
173161973
173628686
175729056
179405616
175038281
175072795
179872529
179891765
175382691
174222939
174980041
174679162
179537664
174974770
173107280
174978989
173781786
173609620
172940205
173292260
172831609
172347815
178169108
263854612
290466394
232202163
173640839
175371369
176161212
174639016
180059241
175284716
174507016
174598599
174906812
175653122
173951836
174329711
173773409
179323530
173817413
173397488
173681956
172437734
173262493
172375367
173173866
173021056
173458113
211366939
291042423
197848296
174694180
174349147
175041316
175534919
174947829
174231855
174512236
175048950
174118051
173873438
174402408
173601995
173325432
174437424
173281198
172798166
173017129
172768109
172968377
172922450
173246052
173490424
173631551
175289895
174651880
174926538
175278524
174767368
174790491
174697186
174266731
174027369
174510582
174498279
174603388
173057846
174145352
174091631
173613276
173073766
172801010
172943110
173153467
173783958
174151193
173011388
173833152
175044703
174131595
175107621
174975150
175155200
174945434
175019414
174104064
174461519
174500302
174094696
174169617
173529658
174317918
173930606
174084787
172861965
173417025
173591104
173243938
173607965
174195888
173284054
173831539
174554235
175161382
175985259
175751999
174485465
174788167
176119193
175161492
174196308
174241643
173794148
174507436
174485394
173442482
174032588
173861886
172962977
172718223
173556178
172874429
173369345
173438595
173732091
173703406
174005236
174527343
175755736
175024353
176671526
175252484
174797213
175239328
175465928
174476748
174256461
175209904
173988705
180930537
174342535
173730006
173846707
174454215
174719446
173454194
174092782
173599829
179821670
173837358
174950763
283617967
248392634
175077644
174626540
174530589
174900829
182551981
174838220
174626421
174057355
174587186
173467720
174324841
174189043
174074296
179368935
173661746
173081711
173236012
172841135
173307909
173834413
173636949
173825316
180863650
198787169
293428129
292338310
182679803
175322486
174993194
174169817
180968198
174690351
174181399
174770523
174551037
174002911
173889016
173281007
173778618
178492057
172885289
173819164
172561347
173437192
173080358
173191747
175569693
174295995
175395664
181991081
268198130
291998547
231267433
174479232
174593007
175189334
174391856
180659944
173631610
173599980
173732801
174008992
173390323
172682846
172729314
172649614
178486958
173823052
173278011
173387909
175383501
174485894
175127507
174500332
175027126
179999826
215890247
292203625
284048009
174824764
174700299
174518295
174006187
179511323
173544815
173539034
172755273
172773236
173461989
172604157
173494310
173176388
173292017
179299263
174728672
174030945
174967734
175055281
174937127
175164487
174475845
174722190
179514519
278919004
292111210
218767886
173805948
173244858
174913964
174264365
179237475
173320170
172931767
173064036
173814134
173130091
173279504
174201215
174596834
179830967
175660143
175119071
174266308
174658511
174251351
174888044
174251000
175193040
175431912
264656044
291160423
270187098
173110724
173693707
174032366
173390283
178072072
172556687
173676023
173661315
172680481
174482918
173332103
176391195
175862195
174798173
179810909
174814224
174763709
174729885
174536379
174706010
174469032
174805567
174048316
179296135
290192462
291247797
205546435
172894565
172806269
173223898
173291115
178901600
173524717
173824843
173980117
174892833
174835494
174340177
174986941
175251970
180259587
174363512
175253404
174332103
174971612
174764610
174000706
173314980
174430479
173694196
242188585
291274607
258531186
172751654
173599257
172810406
173464282
173231452
180950873
175657508
174584499
175442682
175273522
175278862
175487937
174564982
174834492
179777916
174573999
174961713
174999013
174060118
173908562
174054026
174083512
173059437
189249459
291020126
290211327
193792667
173714544
173165828
173599447
174572066
179407066
174849900
176312726
174770290
174658990
175754501
174684900
176713753
174853267
179772285
174748119
174272980
174362088
174053766
173839020
173405831
173403487
172892601
172514036
255153932
290635569
246515322
174795258
174579760
174526880
175892411
174796580
180138747
175203248
174311804
174718391
174802562
174653229
175230800
174535266
174286095
178894085
174351348
173622301
173294260
173617301
173572235
173490371
172813502
173832828
201112672
290965231
290802213
183676705
175609306
175617030
174470523
174691001
175044018
174516820
174247132
174428133
174410851
174573448
174300091
175343954
173579829
174787924
172561064
174129088
174946382
175614566
173064566
173894735
173344535
172951743
174433644
175634514
174728821
175304490
175527901
175203018
175650513
175400000
174763908
174689928
173609536
174993792
173483127
173670902
174762215
173607542
174312595
172537629
173003841
173476734
173421401
173301293
173467156
173471345
173780489
174795548
174802971
175512813
174849089
174944599
174322664
174932766
174351488
173844240
174802320
174424997
174724974
174226331
175101966
174377858
173244687
172604987
172664329
172837607
173271026
173311342
173086867
173800347
173347259
174880758
174993091
174644001
174966571
175311943
175144998
174560543
174218227
174469971
174545424
175009010
175575111
174044537
173804825
173470503
174610217
173284101
172991357
172860950
173240848
172989212
173471995
172715376
173489819
174083912
175145138
175333544
175494759
175123166
175018018
175223996
174731376
174666082
175061901
175047733
174216864
174169855
175388658
174398958
174279913
173746423
173286435
173879696
172999001
173180043
173966420
181612221
173682583
180984906
260361202
175429646
175146971
175386194
175356187
174698373
181789808
175309799
175046592
174582644
174414697
173708252
173855210
174784876
173882001
179275634
174694146
173144876
172167769
173623532
174382526
173403096
173569329
173468208
193556258
293503568
293420400
193850925
175541277
175383047
175124328
174148415
180430257
175139838
174695448
173880577
172946462
173742386
173528843
173970698
173797811
174258862
178274131
173518152
172901036
172923247
174063232
172918439
175432110
174897609
175356047
258140153
291908873
245978235
174731295
174850741
174697461
174259423
174946432
180208509
173562305
174141070
173988661
173222473
173516609
173758286
173385461
174145668
178890497
173385732
173454351
173590599
175557536
175048385
175894704
174988010
175019519
204517527
292639033
290709225
182058084
175197596
175337661
175190543
173790146
179754370
173755000
174144456
173901476
172938576
172842695
173019670
173686990
173937144
174108468
179176978
175281023
174026713
175568587
175079913
174396552
174632679
174827687
174477586
268726352
291525178
234419096
173621578
173933557
173287697
173473738
173925331
178083571
173075986
173389959
173105872
173164804
172552546
173099381
174504736
174360805
179813190
175407353
174598213
174628660
176138905
175825523
175087227
174479679
174941192
222556152
291081869
285234246
174311000
173125570
174114007
173989963
173714614
178327763
173252389
172951521
173490319
173198277
173138433
173853266
175260916
175611478
176183479
181023348
174900764
174844768
174855589
174886358
174906035
174278879
174499446
173376473
278979463
291170426
222453768
173560481
172675067
173122725
172381342
172894503
179310290
173738297
173128184
172815804
176081948
174961679
174629953
175533320
178924651
181244155
174621297
174875146
174310218
174819902
174772522
173115510
174105011
173750340
226596068
290981058
273970475
173187215
174935189
174146980
172612268
174192846
174123145
179232152
175120991
174453700
177985505
174329625
175587403
174840320
175099941
174526567
179984724
175306231
174507181
174241718
173824731
174436978
173919018
173963934
173343722
293039008
291615737
207165681
173500818
173479228
173614263
173983110
174886097
179195523
176050828
175307694
175016513
175353410
175140617
175079031
175712719
174969985
180314928
174750660
173474108
174551654
174229375
173163149
173092207
172769185
172370150
234639150
295938197
260510852
174455884
173679375
174374641
174888931
176262048
174864295
180772051
175560461
174494827
175065455
174472535
174397874
174995623
174636064
174532057
183922657
174653837
173404837
173728839
173196252
173367507
173670879
173567344
182708572
296078211
291137833
197304290
175408373
175869745
175460663
175085293
174920731
180320548
174585197
174951159
174678284
174540863
174365702
174051669
174036480
173429022
174162398
173240996
173709142
172985464
173503793
172948013
173451465
173812036
173663384
248186287
190301503
175429443
175035589
174921583
175270553
174695686
174518291
175125288
174270913
174815483
174432458
174433210
173974101
174223474
174806626
173395558
172635451
174140216
173184400
172926181
173751011
174442107
173480169
173469849
176192185
174643647
175615465
175348821
175411479
174220096
174856400
174505377
175333582
174382283
175269741
174485919
173786086
175105761
174474969
173743195
172744117
173688753
173502349
172996223
173824399
173111481
173443600
173371022
175583394
174453478
175507991
174935610
175134776
174419384
176349362
174419714
174977108
175274770
174908228
174224615
173570239
174259872
173886407
174063310
174875105
173246155
173067679
174246146
173655850
173688341
173909730
173730371
175036239
174369439
175114627
175300419
174907706
174952641
175362116
174303294
175099649
174093588
174863693
175159813
174063612
174277756
173444701
174034336
174043863
172970404
173779874
173191072
172684114
