175300812
175970537
175376034
176073331
175863625
177292965
176875597
178483413
182688183
177387293
176798872
177770697
177116391
177720532
177410678
177675868
177133254
176932725
181892852
176266848
176371795
176144427
238913469
299090515
259282347
180426813
175406293
176879735
175917027
176557787
178278047
177926453
178097936
177830441
177594706
183593755
177827406
177534994
177646624
177056259
176767704
176671984
176440447
176485011
182047436
175683637
176190114
176665461
206797888
293051633
292013422
180951687
176541237
176541238
177263102
177757554
177746243
177558529
177894623
177257230
177056170
182032188
178044828
176695129
176878115
177611680
176532862
176402296
176502926
175898876
180155263
176743962
175654753
175558252
176433886
294698064
294748339
205528493
183186348
177390242
177372068
177810316
177108951
177368111
177692413
177363622
177128007
176823693
176495884
176004906
176707463
176452011
176307759
175684772
176082944
175628457
175087764
175682078
176342874
175745386
176790531
262183491
180307844
178103780
178214881
177658099
176883546
177858558
177176560
177445618
177117118
177329950
177984185
176316226
176537243
176724977
177222908
174894090
176600773
175472603
175361372
175350512
176163658
175803768
176027370
175938232
177818142
178123730
178147013
177958598
177377972
177494061
176927231
177549987
177210956
177361962
176629509
176771786
176265902
176248588
176366852
175411728
175462214
175712737
177031247
176655718
175645209
175930889
176001222
175869183
178017811
177979398
178775943
177364947
177885110
177191560
178182793
176596717
177713095
179314230
177099497
176498382
177274687
176209166
176581449
175676209
176414524
175209047
175433280
175572944
175831052
176112764
177090791
176650389
177778150
177692908
180373350
177557563
176608911
177276752
177152969
176543859
176949014
176934716
176424573
176457645
176755940
176413722
176250786
178056625
175841473
175180013
175727588
176677732
176096715
176135958
177022964
183515206
268499687
177938173
178380929
177502029
177599584
178634107
177415996
177007225
183962460
177278527
177068692
177100822
176244704
176449732
176966749
176412802
175132795
181842838
176287916
176228645
175547738
177242910
176083732
175819973
193692187
297504987
302179576
191055407
176880096
177432990
177237311
177626085
176924800
176872892
183869847
177006265
175850171
176084172
176476835
176062583
176202036
175819783
176492404
181248345
175901949
176366506
175899043
176544452
177532920
177139486
178131320
283631828
301579585
218106838
177202816
176847186
177136932
177011305
179203285
176433924
182219250
176350327
176035101
175621560
175401164
176013281
175867836
177160296
175122949
175584381
181974138
175896850
177559621
178189110
178331298
176864669
177392195
252135336
301032784
249164165
177583697
179381232
177427622
177344355
176963116
176347182
176909354
180762791
175304984
174866095
175263976
175071162
175386768
176174817
176073706
175894678
182663361
178354293
177737207
177020053
176927439
177367039
177102209
222086016
300418055
282228824
176680281
176362251
175883897
176250030
176533484
175581127
175426454
181239312
175288854
175922400
175787687
176330562
175864762
175696003
177846154
177251191
183470417
177390494
178365986
176822141
177089395
178145510
177207048
188692179
301222897
295261579
194719582
176888637
176480015
175590755
176080341
175009658
175298384
180533130
176048951
175675115
176382090
175849005
178648951
177488010
177708815
177891571
182648325
177874339
177965851
177370487
177528556
178121636
176664174
176747832
274002901
301574504
227372773
175143812
175440864
175402731
175099068
196063312
175197043
181038035
176054151
175565890
178333878
177199666
178072214
177842590
177492539
177801883
182422189
179607123
177623957
176564025
177077466
176929827
176538968
176963821
241881005
298968493
258864994
175569768
175408954
175552255
177177655
176467484
176131720
181667716
177681186
177667410
177661789
177305016
177270581
178617776
178524469
177110038
177136096
182166337
176878421
176464970
176496379
175989522
177198345
176072518
209470175
299682444
291376136
175833317
177231909
175973382
176080885
176437819
179150803
176740610
183051600
177021992
176983119
177276623
177491840
177485368
177049796
176917455
176804221
181580903
176087378
176074393
176303005
175149686
175500789
175494398
177940086
299113060
294494869
204749851
176164694
176171768
177177577
178044736
177730311
177326589
182389160
177057541
178034546
177030770
177640692
177501600
177421478
176210491
176312634
181317066
176601720
176540455
175627200
175282388
176121985
175410911
175866953
264731607
299233400
236975135
177769386
177556544
178186594
177156288
177168221
177621406
183450997
177389039
176769778
176536879
177077489
176572386
176457049
177103128
176526368
175779508
175929582
176379962
175490042
175585031
175408147
175434057
175388290
231387464
212476727
177268902
177394320
177158103
177165677
176558962
176942996
177106846
177627059
176742018
176575582
176761234
176126204
176903142
179916884
175906519
175416714
175563992
175579591
175271660
174951927
175466589
175899807
176168654
177280194
178003580
177645003
177734663
177008832
177343434
177217115
176808053
177507524
177969176
176453834
176878044
177881210
176210394
175877796
175471007
175214262
175811792
175038160
175089238
175188403
175474886
175529538
176987934
178204871
176892703
177182320
177385414
177905185
177207588
176839953
176798776
177462209
177071762
176990608
176115125
177206817
176031717
176970211
175635159
177974998
175477090
175360309
175231376
179431488
178778445
176206508
175466470
177014394
176951585
177416954
177390394
176934633
177632552
177415401
177266340
176559355
176516323
177051975
176342956
175615042
175925267
176301940
176355620
175283035
175414212
175444910
175548116
175132350
178110134
176250652
176607918
180451006
180651405
179730776
176913414
178008132
178954089
184127119
177204414
177697375
178602234
177504972
177001180
176712475
176192504
176415654
183365501
175502230
178549345
175283395
175501599
176683601
176189458
176109466
176181412
263784638
296738108
249614445
177738414
177480707
177131587
179687325
176742743
182899641
177002013
177014978
176266584
175990653
176433780
175958111
176079321
175190983
181355766
175031621
175261255
175567063
175468907
175441436
180638401
178920157
177221298
228466344
295967755
279400904
177492961
177390438
176964072
177090541
177154723
182854307
176094119
176283908
175904491
176015641
175877019
175444884
175296713
174921464
181104914
175900133
175703181
176259612
176110340
177126920
176922565
177670677
176838876
190554051
300056378
295047518
192736002
177435734
176983089
177276113
175736605
181451249
176215941
179899387
176465682
175268180
175037526
176696127
175464572
175380543
175241850
181130643
175792662
177549309
177011994
178202513
177234465
176752153
179743634
177398795
282047797
294220988
225605644
177297655
176371214
176494768
176239907
176160938
181573260
176132204
175460875
175970990
176114240
175479109
175799184
176324567
175829332
183209591
177213555
177689045
177864535
177275594
177354462
177602681
177572344
176839209
250820609
295120599
257396279
177276304
176828710
176592614
176490701
175515119
180681507
175213228
175701110
175470164
175958567
176277609
176475523
178010543
177783674
183275486
177287076
177597692
177422631
178048225
177183951
177259033
177773104
177377897
218081045
296334403
289979591
176627130
175845133
176176318
174831148
175672056
181389665
175786533
176222066
176262351
175803074
177633601
177290554
177198960
177375344
177315641
182578621
177446278
177408015
177661043
178718781
185479441
179846400
177690640
180645821
300083236
295974947
202854127
175702975
175465507
175811020
175894658
181283716
176507585
176507164
178133917
177576705
178241921
177653890
177506302
177880960
177748870
182740839
177312576
177400452
177176098
176503718
176971212
178145029
176650285
176213921
277535590
294837730
231894949
175377651
176354939
176032108
176292700
176389422
187125330
177852196
177987021
177892071
178091307
177543162
178031896
177658240
177547270
182180331
177205595
176554896
177052536
176940103
177025525
176506315
175618707
175918945
241327004
294719359
264623364
176299925
176285819
176810088
178140662
177446170
182781948
177790089
178051543
177076994
177908684
177154139
177694189
177261451
176793889
182047671
176393783
176838092
176851948
176140335
175267104
175841140
175298013
176363055
210283242
296376881
295332178
178502556
178486456
177020487
178298020
177779891
183128504
177078456
177384475
177288634
177540650
178734765
176869332
176703559
176645950
181757294
176470950
176923775
175823797
175357537
176581860
175905322
175725481
176072788
176203375
291003844
240699922
176766237
177437255
177644727
177991381
177304786
177680134
178211438
178584342
177758993
177010038
177023485
176485728
176545361
177041779
176529210
176401229
175362096
176388044
175593403
175927403
176557364
176562874
176052952
178254510
176799802
178068458
178200698
177693229
177721213
177826341
176897266
177694141
178913976
177388805
176885153
176493384
177058571
176566141
177255153
176181274
175879905
175619233
175402253
175610236
177577592
176468857
176241228
177275101
177425104
178296590
177941690
177147129
177006373
177265974
176817806
179117932
177511557
177540543
176833617
177108296
177836110
176520876
176410087
175440385
175576282
176063843
175835422
177674175
175978012
176091997
176291835
177921793
176937063
179435733
178009538
177731424
177596659
177261105
177496589
177374990
177270152
177337780
179431134
178156527
177251056
176576782
175971620
176045209
175273471
175682764
175867443
177809812
176692502
176085445
176605588
178087416
177495979
177950839
177656653
179142289
177635464
178286542
178447006
177119278
178493524
177998038
177355665
184293649
177219477
177248944
176655492
175698164
175816548
176043867
176285032
175767836
183405372
176690589
177370093
224353314
297338806
193623962
177950549
177834860
184187038
177629312
177563959
178159343
177578016
